Base	G	A	T	C	sample
1	15.726666860952301	33.70962867624016	30.26674086781005	20.296963594997493	CCR180075_WH18T002P017
2	18.818763410907664	32.837236398297335	30.450832018873538	17.893168171921463	CCR180075_WH18T002P017
3	18.664356701606184	31.640447725033	30.53349855131583	19.161697022044986	CCR180075_WH18T002P017
4	18.879281864236187	30.665083208864864	31.043452725612553	19.412182201286395	CCR180075_WH18T002P017
5	19.413771643760892	30.83904718010848	31.255491045249556	18.491690130881075	CCR180075_WH18T002P017
6	19.658159399823248	30.902084128876318	30.220332686721317	19.219423784579117	CCR180075_WH18T002P017
7	19.908662977983248	30.822887318743835	30.643651708780002	18.624797994492916	CCR180075_WH18T002P017
8	19.249878342658317	30.883802546018508	30.72075127511961	19.14556783620357	CCR180075_WH18T002P017
9	19.137917013611546	30.60428527026279	31.14711078272262	19.110686933403045	CCR180075_WH18T002P017
10	19.24986510647977	30.81853455926289	30.67251948287897	19.25908085137837	CCR180075_WH18T002P017
11	19.24986510647977	30.81853455926289	30.67251948287897	19.25908085137837	CCR180075_WH18T002P017
12	19.24986510647977	30.81853455926289	30.67251948287897	19.25908085137837	CCR180075_WH18T002P017
13	19.24986510647977	30.81853455926289	30.67251948287897	19.25908085137837	CCR180075_WH18T002P017
15	19.269579200612576	30.71627883957502	30.702946103597213	19.311195856215193	CCR180075_WH18T002P017
16	19.269579200612576	30.71627883957502	30.702946103597213	19.311195856215193	CCR180075_WH18T002P017
17	19.269579200612576	30.71627883957502	30.702946103597213	19.311195856215193	CCR180075_WH18T002P017
18	19.269579200612576	30.71627883957502	30.702946103597213	19.311195856215193	CCR180075_WH18T002P017
20	19.45233705119963	30.521718940004494	30.552916408525395	19.473027600270488	CCR180075_WH18T002P017
21	19.45233705119963	30.521718940004494	30.552916408525395	19.473027600270488	CCR180075_WH18T002P017
22	19.45233705119963	30.521718940004494	30.552916408525395	19.473027600270488	CCR180075_WH18T002P017
23	19.45233705119963	30.521718940004494	30.552916408525395	19.473027600270488	CCR180075_WH18T002P017
25	19.59879509429538	30.41044620464244	30.392837837638243	19.59792086342394	CCR180075_WH18T002P017
26	19.59879509429538	30.41044620464244	30.392837837638243	19.59792086342394	CCR180075_WH18T002P017
27	19.59879509429538	30.41044620464244	30.392837837638243	19.59792086342394	CCR180075_WH18T002P017
28	19.59879509429538	30.41044620464244	30.392837837638243	19.59792086342394	CCR180075_WH18T002P017
30	19.76545179368265	30.307447536331416	30.27531126977262	19.651789400213307	CCR180075_WH18T002P017
31	19.76545179368265	30.307447536331416	30.27531126977262	19.651789400213307	CCR180075_WH18T002P017
32	19.76545179368265	30.307447536331416	30.27531126977262	19.651789400213307	CCR180075_WH18T002P017
33	19.76545179368265	30.307447536331416	30.27531126977262	19.651789400213307	CCR180075_WH18T002P017
35	19.835123842584494	30.243641900815955	30.180379351337404	19.740854905262147	CCR180075_WH18T002P017
36	19.835123842584494	30.243641900815955	30.180379351337404	19.740854905262147	CCR180075_WH18T002P017
37	19.835123842584494	30.243641900815955	30.180379351337404	19.740854905262147	CCR180075_WH18T002P017
38	19.835123842584494	30.243641900815955	30.180379351337404	19.740854905262147	CCR180075_WH18T002P017
40	19.89725974811087	30.21261975350179	30.113425803443867	19.77669469494347	CCR180075_WH18T002P017
41	19.89725974811087	30.21261975350179	30.113425803443867	19.77669469494347	CCR180075_WH18T002P017
42	19.89725974811087	30.21261975350179	30.113425803443867	19.77669469494347	CCR180075_WH18T002P017
43	19.89725974811087	30.21261975350179	30.113425803443867	19.77669469494347	CCR180075_WH18T002P017
45	19.904504505082308	30.157605326762372	30.088099797105343	19.849790371049973	CCR180075_WH18T002P017
46	19.904504505082308	30.157605326762372	30.088099797105343	19.849790371049973	CCR180075_WH18T002P017
47	19.904504505082308	30.157605326762372	30.088099797105343	19.849790371049973	CCR180075_WH18T002P017
48	19.904504505082308	30.157605326762372	30.088099797105343	19.849790371049973	CCR180075_WH18T002P017
50	19.9205967703534	30.16033853828828	30.052059582722684	19.867005108635638	CCR180075_WH18T002P017
51	19.9205967703534	30.16033853828828	30.052059582722684	19.867005108635638	CCR180075_WH18T002P017
52	19.9205967703534	30.16033853828828	30.052059582722684	19.867005108635638	CCR180075_WH18T002P017
53	19.9205967703534	30.16033853828828	30.052059582722684	19.867005108635638	CCR180075_WH18T002P017
55	19.971954999427858	30.157532297092104	30.016158188894277	19.85435451458576	CCR180075_WH18T002P017
56	19.971954999427858	30.157532297092104	30.016158188894277	19.85435451458576	CCR180075_WH18T002P017
57	19.971954999427858	30.157532297092104	30.016158188894277	19.85435451458576	CCR180075_WH18T002P017
58	19.971954999427858	30.157532297092104	30.016158188894277	19.85435451458576	CCR180075_WH18T002P017
60	19.938120138345955	30.162036011403742	29.985166588325974	19.914677261924325	CCR180075_WH18T002P017
61	19.938120138345955	30.162036011403742	29.985166588325974	19.914677261924325	CCR180075_WH18T002P017
62	19.938120138345955	30.162036011403742	29.985166588325974	19.914677261924325	CCR180075_WH18T002P017
63	19.938120138345955	30.162036011403742	29.985166588325974	19.914677261924325	CCR180075_WH18T002P017
65	19.945491045719784	30.153857770511085	29.97957449550373	19.9210766882654	CCR180075_WH18T002P017
66	19.945491045719784	30.153857770511085	29.97957449550373	19.9210766882654	CCR180075_WH18T002P017
67	19.945491045719784	30.153857770511085	29.97957449550373	19.9210766882654	CCR180075_WH18T002P017
68	19.945491045719784	30.153857770511085	29.97957449550373	19.9210766882654	CCR180075_WH18T002P017
70	19.993330522062237	30.143310719655698	29.95009261349472	19.913266144787343	CCR180075_WH18T002P017
71	19.993330522062237	30.143310719655698	29.95009261349472	19.913266144787343	CCR180075_WH18T002P017
72	19.993330522062237	30.143310719655698	29.95009261349472	19.913266144787343	CCR180075_WH18T002P017
73	19.993330522062237	30.143310719655698	29.95009261349472	19.913266144787343	CCR180075_WH18T002P017
75	19.97297972229841	30.1379998782154	29.961232574018915	19.927787825467284	CCR180075_WH18T002P017
76	19.97297972229841	30.1379998782154	29.961232574018915	19.927787825467284	CCR180075_WH18T002P017
77	19.97297972229841	30.1379998782154	29.961232574018915	19.927787825467284	CCR180075_WH18T002P017
78	19.97297972229841	30.1379998782154	29.961232574018915	19.927787825467284	CCR180075_WH18T002P017
80	19.99929690478495	30.158093383570968	29.93749119868238	19.905118512961703	CCR180075_WH18T002P017
81	19.99929690478495	30.158093383570968	29.93749119868238	19.905118512961703	CCR180075_WH18T002P017
82	19.99929690478495	30.158093383570968	29.93749119868238	19.905118512961703	CCR180075_WH18T002P017
83	19.99929690478495	30.158093383570968	29.93749119868238	19.905118512961703	CCR180075_WH18T002P017
85	19.967966238372128	30.152693778381114	29.926416430771074	19.952923552475685	CCR180075_WH18T002P017
86	19.967966238372128	30.152693778381114	29.926416430771074	19.952923552475685	CCR180075_WH18T002P017
87	19.967966238372128	30.152693778381114	29.926416430771074	19.952923552475685	CCR180075_WH18T002P017
88	19.967966238372128	30.152693778381114	29.926416430771074	19.952923552475685	CCR180075_WH18T002P017
90	19.961701080965632	30.113750907215515	29.94289983024821	19.981648181570645	CCR180075_WH18T002P017
91	19.961701080965632	30.113750907215515	29.94289983024821	19.981648181570645	CCR180075_WH18T002P017
92	19.961701080965632	30.113750907215515	29.94289983024821	19.981648181570645	CCR180075_WH18T002P017
93	19.961701080965632	30.113750907215515	29.94289983024821	19.981648181570645	CCR180075_WH18T002P017
95	19.99140059805503	30.149666557855205	29.885815651876168	19.973117192213596	CCR180075_WH18T002P017
96	19.99140059805503	30.149666557855205	29.885815651876168	19.973117192213596	CCR180075_WH18T002P017
97	19.99140059805503	30.149666557855205	29.885815651876168	19.973117192213596	CCR180075_WH18T002P017
98	19.99140059805503	30.149666557855205	29.885815651876168	19.973117192213596	CCR180075_WH18T002P017
100	20.01431557385047	30.131885125025747	29.886503108679364	19.967296192444415	CCR180075_WH18T002P017
101	20.01431557385047	30.131885125025747	29.886503108679364	19.967296192444415	CCR180075_WH18T002P017
102	20.01431557385047	30.131885125025747	29.886503108679364	19.967296192444415	CCR180075_WH18T002P017
103	20.01431557385047	30.131885125025747	29.886503108679364	19.967296192444415	CCR180075_WH18T002P017
105	19.97585703691163	30.17262405429214	29.882874788219578	19.96864412057665	CCR180075_WH18T002P017
106	19.97585703691163	30.17262405429214	29.882874788219578	19.96864412057665	CCR180075_WH18T002P017
107	19.97585703691163	30.17262405429214	29.882874788219578	19.96864412057665	CCR180075_WH18T002P017
108	19.97585703691163	30.17262405429214	29.882874788219578	19.96864412057665	CCR180075_WH18T002P017
110	19.961386026064808	30.190602855621623	29.872913811928637	19.97509730638493	CCR180075_WH18T002P017
111	19.961386026064808	30.190602855621623	29.872913811928637	19.97509730638493	CCR180075_WH18T002P017
112	19.961386026064808	30.190602855621623	29.872913811928637	19.97509730638493	CCR180075_WH18T002P017
113	19.961386026064808	30.190602855621623	29.872913811928637	19.97509730638493	CCR180075_WH18T002P017
115	19.980498806986198	30.186343625218093	29.86504263502305	19.968114932772657	CCR180075_WH18T002P017
116	19.980498806986198	30.186343625218093	29.86504263502305	19.968114932772657	CCR180075_WH18T002P017
117	19.980498806986198	30.186343625218093	29.86504263502305	19.968114932772657	CCR180075_WH18T002P017
118	19.980498806986198	30.186343625218093	29.86504263502305	19.968114932772657	CCR180075_WH18T002P017
120	19.985271815702667	30.193957776148107	29.841909948168084	19.978860459981146	CCR180075_WH18T002P017
121	19.985271815702667	30.193957776148107	29.841909948168084	19.978860459981146	CCR180075_WH18T002P017
122	19.985271815702667	30.193957776148107	29.841909948168084	19.978860459981146	CCR180075_WH18T002P017
123	19.985271815702667	30.193957776148107	29.841909948168084	19.978860459981146	CCR180075_WH18T002P017
125	19.95403509333408	30.21868590471578	29.823516867474403	20.003762134475732	CCR180075_WH18T002P017
126	19.95403509333408	30.21868590471578	29.823516867474403	20.003762134475732	CCR180075_WH18T002P017
127	19.95403509333408	30.21868590471578	29.823516867474403	20.003762134475732	CCR180075_WH18T002P017
128	19.95403509333408	30.21868590471578	29.823516867474403	20.003762134475732	CCR180075_WH18T002P017
130	19.97716794806506	30.215399251944707	29.80320364223019	20.004229157760044	CCR180075_WH18T002P017
131	19.97716794806506	30.215399251944707	29.80320364223019	20.004229157760044	CCR180075_WH18T002P017
132	19.97716794806506	30.215399251944707	29.80320364223019	20.004229157760044	CCR180075_WH18T002P017
133	19.97716794806506	30.215399251944707	29.80320364223019	20.004229157760044	CCR180075_WH18T002P017
135	19.950910345173728	30.196170455359006	29.80430108307947	20.048618116387793	CCR180075_WH18T002P017
136	19.950910345173728	30.196170455359006	29.80430108307947	20.048618116387793	CCR180075_WH18T002P017
137	19.950910345173728	30.196170455359006	29.80430108307947	20.048618116387793	CCR180075_WH18T002P017
138	19.950910345173728	30.196170455359006	29.80430108307947	20.048618116387793	CCR180075_WH18T002P017
140	19.954162100005092	30.186494245841054	29.79468667134522	20.064656982808625	CCR180075_WH18T002P017
141	19.954162100005092	30.186494245841054	29.79468667134522	20.064656982808625	CCR180075_WH18T002P017
142	19.954162100005092	30.186494245841054	29.79468667134522	20.064656982808625	CCR180075_WH18T002P017
143	19.954162100005092	30.186494245841054	29.79468667134522	20.064656982808625	CCR180075_WH18T002P017
145	18.560621755479527	30.359360369799486	30.464922474392264	20.615095400328727	CCR180075_WH18T002P017
146	18.560621755479527	30.359360369799486	30.464922474392264	20.615095400328727	CCR180075_WH18T002P017
147	18.560621755479527	30.359360369799486	30.464922474392264	20.615095400328727	CCR180075_WH18T002P017
148	18.560621755479527	30.359360369799486	30.464922474392264	20.615095400328727	CCR180075_WH18T002P017
150	6.307784459660002	17.88171898996164	44.77228433900029	31.03821221137807	CCR180075_WH18T002P017
