##FastQC	0.11.8
>>Basic Statistics	pass
#Measure	Value
Filename	N_SRR7890889
File type	Conventional base calls
Encoding	Sanger / Illumina 1.9
Total Sequences	10013472
Sequences flagged as poor quality	0
Sequence length	25-150
%GC	40
>>END_MODULE
>>Per base sequence quality	pass
#Base	Mean	Median	Lower Quartile	Upper Quartile	10th Percentile	90th Percentile
1	31.229271725131902	32.0	32.0	32.0	32.0	32.0
2	31.44025488861406	32.0	32.0	32.0	32.0	32.0
3	35.16214256154109	37.0	32.0	37.0	32.0	37.0
4	35.76790567747131	37.0	37.0	37.0	32.0	37.0
5	36.005839033653864	37.0	37.0	37.0	37.0	37.0
6	39.43749260995587	41.0	41.0	41.0	37.0	41.0
7	39.5094148163594	41.0	41.0	41.0	37.0	41.0
8	39.57372148241888	41.0	41.0	41.0	37.0	41.0
9	39.598815575656474	41.0	41.0	41.0	37.0	41.0
10-14	39.57912616123559	41.0	41.0	41.0	37.0	41.0
15-19	39.527117587186545	41.0	41.0	41.0	37.0	41.0
20-24	39.5102405639123	41.0	41.0	41.0	37.0	41.0
25-29	39.40884063435532	41.0	41.0	41.0	37.0	41.0
30-34	39.34151238753109	41.0	41.0	41.0	37.0	41.0
35-39	39.304339748486115	41.0	41.0	41.0	37.0	41.0
40-44	39.242870711692774	41.0	41.0	41.0	37.0	41.0
45-49	39.084546603443336	41.0	41.0	41.0	37.0	41.0
50-54	39.006188856868	41.0	41.0	41.0	37.0	41.0
55-59	38.93594494453711	41.0	41.0	41.0	34.0	41.0
60-64	38.86785199176037	41.0	41.0	41.0	32.0	41.0
65-69	38.814740997354406	41.0	41.0	41.0	32.0	41.0
70-74	38.69536659897954	41.0	41.0	41.0	32.0	41.0
75-79	38.145392631007425	41.0	38.6	41.0	31.0	41.0
80-84	38.6951475893574	41.0	41.0	41.0	32.0	41.0
85-89	38.65725616192284	41.0	41.0	41.0	32.0	41.0
90-94	38.56426465377049	41.0	41.0	41.0	32.0	41.0
95-99	38.438924762862996	41.0	38.6	41.0	32.0	41.0
100-104	38.30312101586502	41.0	37.0	41.0	32.0	41.0
105-109	38.143465849585816	41.0	37.0	41.0	32.0	41.0
110-114	38.00393822821563	41.0	37.0	41.0	32.0	41.0
115-119	37.763757814717295	41.0	37.0	41.0	32.0	41.0
120-124	37.472598858121074	41.0	37.0	41.0	27.0	41.0
125-129	37.2269717028961	41.0	37.0	41.0	27.0	41.0
130-134	36.94587415035655	41.0	37.0	41.0	27.0	41.0
135-139	36.625722971066764	41.0	37.0	41.0	27.0	41.0
140-144	36.43613131339913	41.0	37.0	41.0	27.0	41.0
145-149	36.74203436357724	41.0	37.0	41.0	27.0	41.0
150	36.46595504492604	37.0	32.0	41.0	27.0	41.0
>>END_MODULE
>>Per sequence quality scores	pass
#Quality	Count
9	1.0
10	1.0
11	0.0
12	1.0
13	11.0
14	50.0
15	177.0
16	437.0
17	1178.0
18	2058.0
19	3224.0
20	4706.0
21	6785.0
22	9742.0
23	14089.0
24	20476.0
25	32478.0
26	48534.0
27	67553.0
28	90782.0
29	116380.0
30	145943.0
31	179314.0
32	216954.0
33	263348.0
34	320148.0
35	393322.0
36	490766.0
37	639547.0
38	918729.0
39	1647969.0
40	4377605.0
41	1164.0
>>END_MODULE
>>Per base sequence content	fail
#Base	G	A	T	C
1	17.281194005427572	33.13959750762531	30.2899457716355	19.289262715311615
2	19.247732280224444	32.42791337819833	29.90383789474105	18.42051644683618
3	19.30147629798418	30.79072303794889	30.558394494107144	19.349406169959785
4	19.925902859781694	30.10861202236437	30.55427944590831	19.411205671945634
5	20.15619824005837	30.541198079769522	30.384164939525167	18.918438740646945
6	20.212548695885513	30.74147571714488	29.273336400549542	19.77263918642007
7	20.112230060638986	30.483504038604426	30.201850327961843	19.202415572794745
8	19.570988548489684	30.66556854243582	30.120980414421062	19.642462494653433
9	19.43692101194828	30.385113191040592	30.53322827159458	19.644737525416552
10-14	19.489484693496838	30.475945508347003	30.429411699851382	19.605158098304777
15-19	19.578928690205675	30.231537409574006	30.46976528483394	19.719768615386386
20-24	19.79426676173189	30.016552525882535	30.27821158259768	19.910969129787897
25-29	19.936454247399837	29.956385558005856	30.083791596676807	20.023368597917496
30-34	20.115118944274503	29.893812963646678	29.945529170814744	20.04553892126408
35-39	20.143990894693424	29.809211262442897	29.913695297075467	20.133102545788216
40-44	20.205362505283205	29.78220051244385	29.87410961052033	20.138327371752613
45-49	20.21369619303624	29.725342350867916	29.818230629297755	20.24273082679809
50-54	20.200234441222157	29.73666997140941	29.81580301384709	20.247292573521346
55-59	20.21309364793276	29.71674372854236	29.810507619709252	20.259655003815624
60-64	20.21468294750761	29.70691157014473	29.772011062554416	20.306394419793246
65-69	20.197306957152737	29.71538985319751	29.747744022062562	20.339559167587193
70-74	20.2547214067926	29.71787860895887	29.692851129483483	20.334548854765043
75-79	20.245561783519978	29.703048008046533	29.725932374989423	20.325457833444066
80-84	20.273508520552465	29.740010931492396	29.71205850939464	20.2744220385605
85-89	20.244536918676037	29.705732522951404	29.732893753750687	20.316836804621868
90-94	20.232082892814258	29.670931170033356	29.743723656128658	20.353262281023728
95-99	20.236834559968504	29.700524596275706	29.711857490742617	20.350783353013174
100-104	20.25942857782702	29.684769560977394	29.682202480446744	20.373599380748843
105-109	20.21434097579904	29.741253082971024	29.70062457688615	20.343781364343787
110-114	20.203456511611844	29.76493689418473	29.69282229520436	20.338784298999073
115-119	20.223376340764148	29.760417309973803	29.696079416721883	20.32012693254017
120-124	20.20244047705706	29.773322271598744	29.688301192976507	20.335936058367686
125-129	20.14059808219898	29.791699787271092	29.704155065417392	20.363547065112535
130-134	20.129278111842982	29.800921874518476	29.69544606023392	20.374353953404622
135-139	20.042668072506185	29.82364175208236	29.723871122099187	20.409819053312265
140-144	19.925634439907572	29.835051808703604	29.786965704657213	20.452348046731604
145-149	17.711046890406955	30.628315401409395	30.715692574387397	20.944945133796253
150	0.0	35.80796349086009	38.11028023864119	26.081756270498722
>>END_MODULE
>>Per sequence GC content	warn
#GC Content	Count
0	668.0
1	757.0
2	951.0
3	1116.0
4	1248.0
5	1439.0
6	1618.5
7	1782.0
8	2005.0
9	2275.5
10	2571.0
11	2932.5
12	3508.5
13	4230.5
14	5344.5
15	6981.0
16	9448.5
17	13727.0
18	19938.5
19	28492.5
20	39706.0
21	53525.0
22	70281.0
23	89603.5
24	111664.5
25	136427.5
26	163032.5
27	190588.0
28	219005.5
29	248574.5
30	276166.5
31	301487.0
32	325445.0
33	348266.0
34	368360.5
35	385665.0
36	401518.0
37	413840.0
38	418711.5
39	415487.5
40	404777.0
41	386617.0
42	363731.5
43	338445.5
44	313579.5
45	291516.5
46	272724.5
47	257508.5
48	244993.5
49	233706.5
50	221828.0
51	207249.0
52	191656.0
53	174660.0
54	159055.0
55	146789.5
56	135729.0
57	125023.0
58	112710.0
59	99451.0
60	85667.5
61	71865.0
62	60027.5
63	49883.5
64	41275.5
65	34137.5
66	28074.5
67	22957.0
68	18713.5
69	15205.5
70	12228.0
71	9846.5
72	8045.0
73	6664.5
74	5583.0
75	4719.5
76	4054.5
77	3502.5
78	3020.5
79	2616.5
80	2262.5
81	1945.5
82	1688.5
83	1486.0
84	1317.5
85	1064.5
86	837.0
87	655.5
88	492.5
89	380.5
90	269.0
91	202.0
92	168.5
93	136.5
94	117.5
95	95.0
96	79.0
97	71.5
98	66.5
99	56.5
100	49.5
>>END_MODULE
>>Per base N content	pass
#Base	N-Count
1	0.8884131298314911
2	0.012103693903573106
3	0.009257528257930915
4	0.0039946184500241275
5	0.0029859772913930355
6	4.893407601279556E-4
7	0.0011184931660067556
8	3.295560221269905E-4
9	0.0031158023910188197
10-14	0.001070557744606466
15-19	0.0011804097519821297
20-24	0.0013601675822332154
25-29	0.0020302383621731424
30-34	0.0017431226058206004
35-39	0.0022076993524944126
40-44	0.0030076902238997333
45-49	0.0022871222234290907
50-54	0.0025200071213908213
55-59	0.0030318573574824783
60-64	0.0015389090963355472
65-69	0.0021612353548094796
70-74	0.001822148298168521
75-79	0.0016612805825050483
80-84	0.0019560372937455963
85-89	0.0018133170952122288
90-94	0.0028132565260755105
95-99	0.0018760392208726471
100-104	0.0028116828158032993
105-109	0.002766642279689923
110-114	0.0021871439552850758
115-119	0.003899878273788643
120-124	0.0017537653818165931
125-129	0.0021796391380937063
130-134	0.002312326472381382
135-139	0.002312790441436335
140-144	0.0020549006392703286
145-149	0.002554054787125397
150	0.0
>>END_MODULE
>>Sequence Length Distribution	warn
#Length	Count
25-29	12057.0
30-34	19204.0
35-39	19727.0
40-44	20163.0
45-49	21070.0
50-54	21643.0
55-59	26430.0
60-64	26479.0
65-69	24368.0
70-74	24676.0
75-79	23520.0
80-84	24462.0
85-89	26895.0
90-94	29698.0
95-99	33279.0
100-104	36586.0
105-109	40689.0
110-114	44659.0
115-119	50544.0
120-124	56442.0
125-129	66924.0
130-134	82756.0
135-139	131581.0
140-144	225705.0
145-149	3103126.0
150-151	5820789.0
>>END_MODULE
>>Sequence Duplication Levels	pass
#Total Deduplicated Percentage	99.14604382262155
#Duplication Level	Percentage of deduplicated	Percentage of total
1	99.3627287252898	98.5142145653284
2	0.5488216857448421	1.088269978113263
3	0.04447919930468487	0.13229809930372213
4	0.020218292662445323	0.08018254921317568
5	0.009053715678504427	0.044882004570927794
6	0.0034465617826298094	0.020502777932279264
7	0.0025235835592978197	0.017514232831213228
8	0.0030023442342914327	0.023813644241892282
9	6.996543641123101E-4	0.006243116602047078
>10	0.0050010894364650475	0.07080743914774701
>50	2.5147942908456112E-5	0.0012715927153217931
>100	0.0	0.0
>500	0.0	0.0
>1k	0.0	0.0
>5k	0.0	0.0
>10k+	0.0	0.0
>>END_MODULE
>>Overrepresented sequences	pass
>>END_MODULE
>>Adapter Content	pass
#Position	Illumina Universal Adapter	Illumina Small RNA 3' Adapter	Illumina Small RNA 5' Adapter	Nextera Transposase Sequence	SOLID Small RNA Adapter
1	3.994618450024128E-5	0.0	0.0	9.98654612506032E-6	0.0
2	5.991927675036191E-5	0.0	0.0	9.98654612506032E-6	0.0
3	5.991927675036191E-5	0.0	0.0	2.9959638375180956E-5	0.0
4	6.990582287542224E-5	9.98654612506032E-6	0.0	4.9932730625301595E-5	0.0
5	9.986546125060319E-5	9.98654612506032E-6	0.0	5.991927675036191E-5	0.0
6	9.986546125060319E-5	9.98654612506032E-6	0.0	8.987891512554287E-5	0.0
7	9.986546125060319E-5	2.9959638375180956E-5	0.0	8.987891512554287E-5	0.0
8	9.986546125060319E-5	2.9959638375180956E-5	0.0	8.987891512554287E-5	0.0
9	9.986546125060319E-5	2.9959638375180956E-5	0.0	1.0985200737566351E-4	0.0
10-11	1.348183726883143E-4	2.9959638375180956E-5	0.0	1.0985200737566351E-4	0.0
12-13	1.9973092250120638E-4	2.9959638375180956E-5	0.0	1.0985200737566351E-4	0.0
14-15	2.995963837518096E-4	2.9959638375180956E-5	0.0	1.2483182656325398E-4	0.0
16-17	5.442667638157874E-4	2.9959638375180956E-5	0.0	1.6477801106349525E-4	0.0
18-19	8.338766014425366E-4	2.9959638375180956E-5	0.0	2.0472419556373652E-4	0.0
20-21	0.0011484528043819366	2.9959638375180956E-5	0.0	2.2969056087638733E-4	0.0
22-23	0.0016078339261347114	2.9959638375180956E-5	0.0	2.4966365312650797E-4	0.0
24-25	0.0022419796050760416	2.9959638375180956E-5	0.0	2.646434723140985E-4	0.0
26-27	0.002970997472205445	2.9959638375180956E-5	0.0	3.095829298768699E-4	0.0
28-29	0.0041943493725253335	2.9959638375180956E-5	0.0	3.295560221269905E-4	0.0
30-31	0.005412707999782693	3.495291143771112E-5	0.0	3.44535841314581E-4	0.0
32-33	0.00657614062335222	3.994618450024128E-5	0.0	3.595156605021715E-4	0.0
34-35	0.00782445888898476	3.994618450024128E-5	0.0	3.695022066272318E-4	0.0
36-37	0.00906279060849224	3.994618450024128E-5	0.0	3.695022066272318E-4	0.0
38-39	0.010475886885188274	3.994618450024128E-5	0.0	3.8947529887735247E-4	0.0
40-41	0.012018808261510094	3.994618450024128E-5	0.0	4.3441475644012386E-4	0.0
42-43	0.01344688435739372	3.994618450024128E-5	0.0	4.69367667877835E-4	0.0
44-45	0.014979819187590478	3.994618450024128E-5	0.0	5.143071254406065E-4	0.0
46-47	0.016462821287161936	3.994618450024128E-5	0.0	5.242936715656667E-4	0.0
48-49	0.01817551394760978	3.994618450024128E-5	0.0	5.392734907532572E-4	0.0
50-51	0.020212769357122084	3.994618450024128E-5	0.0	5.492600368783175E-4	4.99327306253016E-6
52-53	0.022070266936383302	4.9932730625301595E-5	0.0	5.592465830033778E-4	9.98654612506032E-6
54-55	0.02392277124258199	4.9932730625301595E-5	0.0	5.692331291284381E-4	9.98654612506032E-6
56-57	0.02588013428309382	5.4926003687831753E-5	0.0	5.692331291284381E-4	9.98654612506032E-6
58-59	0.02785247714279323	5.991927675036191E-5	0.0	5.842129483160286E-4	1.997309225012064E-5
60-61	0.029889732552305533	5.991927675036191E-5	0.0	6.041860405661492E-4	2.9959638375180956E-5
62-63	0.03199190051163073	5.991927675036191E-5	0.0	6.241591328162699E-4	2.9959638375180956E-5
64-65	0.03378448554107906	5.991927675036191E-5	0.0	6.59112044253981E-4	2.9959638375180956E-5
66-67	0.03598152568859233	5.991927675036191E-5	0.0	6.840784095666318E-4	2.9959638375180956E-5
68-69	0.03796884836747933	5.991927675036191E-5	0.0	7.140380479418128E-4	2.9959638375180956E-5
70-71	0.040275740522368264	5.991927675036191E-5	0.0	7.439976863169938E-4	2.9959638375180956E-5
72-73	0.04273742414219564	5.991927675036191E-5	0.0	7.739573246921747E-4	2.9959638375180956E-5
74-75	0.04554364360333758	5.991927675036191E-5	0.0	7.889371438797652E-4	2.9959638375180956E-5
76-77	0.048299930333854234	5.991927675036191E-5	0.0	7.939304169422953E-4	2.9959638375180956E-5
78-79	0.051026257425995696	6.990582287542224E-5	0.0	8.43863147567597E-4	2.9959638375180956E-5
80-81	0.0535428670495109	6.990582287542224E-5	0.0	8.588429667551874E-4	2.9959638375180956E-5
82-83	0.05635907305677791	6.990582287542224E-5	0.0	8.888026051303684E-4	2.9959638375180956E-5
84-85	0.059404969624921304	6.990582287542224E-5	0.0	9.08775697380489E-4	2.9959638375180956E-5
86-87	0.06255572492737783	6.990582287542224E-5	0.0	9.287487896306097E-4	2.9959638375180956E-5
88-89	0.06596613042908595	6.990582287542224E-5	0.0	9.487218818807304E-4	2.9959638375180956E-5
90-91	0.06961121976473295	7.48990959379524E-5	0.0	9.836747933184415E-4	2.9959638375180956E-5
92-93	0.07320138309669214	7.989236900048255E-5	0.0	9.986546125060319E-4	2.9959638375180956E-5
94-95	0.07694633789358976	7.989236900048255E-5	0.0	0.001033607523943743	2.9959638375180956E-5
96-97	0.08068629941742485	7.989236900048255E-5	0.0	0.001068560435381454	2.9959638375180956E-5
98-99	0.0848357093323874	7.989236900048255E-5	0.0	0.0010835402545690447	2.9959638375180956E-5
100-101	0.08933464836172708	7.989236900048255E-5	0.0	0.001098520073756635	2.9959638375180956E-5
102-103	0.09408824431725579	7.989236900048255E-5	0.0	0.0011035133468191654	2.9959638375180956E-5
104-105	0.09941606667497546	7.989236900048255E-5	0.0	0.0011184931660067558	2.9959638375180956E-5
106-107	0.10474888230575768	7.989236900048255E-5	0.0	0.0011384662582568763	2.9959638375180956E-5
108-109	0.11051111941991748	7.989236900048255E-5	0.0	0.0011534460774444669	2.9959638375180956E-5
110-111	0.11675770402114272	7.989236900048255E-5	0.0	0.0012083720811322985	2.9959638375180956E-5
112-113	0.12348863610943336	7.989236900048255E-5	0.0	0.0012283451733824191	2.9959638375180956E-5
114-115	0.13046923185085052	7.989236900048255E-5	0.0	0.0012283451733824191	2.9959638375180956E-5
116-117	0.1376944979723317	8.488564206301271E-5	0.0	0.00125331153869507	2.9959638375180956E-5
118-119	0.14510451519712642	8.987891512554287E-5	0.0	0.0012732846309451906	2.9959638375180956E-5
120-121	0.15318363101230023	9.487218818807303E-5	0.0	0.0012882644501327812	2.9959638375180956E-5
122-123	0.1613426391964745	9.986546125060319E-5	0.0	0.0012882644501327812	2.9959638375180956E-5
124-125	0.16966143211864976	1.0485873431313335E-4	0.0	0.001323217361570492	2.9959638375180956E-5
126-127	0.1788590410998303	1.0985200737566351E-4	0.0	0.0013282106346330224	2.9959638375180956E-5
128-129	0.18798674425813544	1.0985200737566351E-4	0.0	0.0013631635460707335	2.9959638375180956E-5
130-131	0.19732416488506682	1.0985200737566351E-4	0.0	0.0013681568191332638	2.9959638375180956E-5
132-133	0.2074155697444403	1.0985200737566351E-4	0.0	0.0013931231844459143	3.495291143771112E-5
134-135	0.21837081084363147	1.0985200737566351E-4	0.0	0.001408103003633505	3.994618450024128E-5
136-137	0.22994022452951385	1.0985200737566351E-4	0.0	0.0014180895497585653	3.994618450024128E-5
138-139	0.23769477759562319	1.1484528043819367E-4	0.0	0.0014530424611962764	4.4939457562771436E-5
>>END_MODULE
