Base	G	A	T	C	sample
1	17.281194005427572	33.13959750762531	30.2899457716355	19.289262715311615	N_SRR7890889
2	19.247732280224444	32.42791337819833	29.90383789474105	18.42051644683618	N_SRR7890889
3	19.30147629798418	30.79072303794889	30.558394494107144	19.349406169959785	N_SRR7890889
4	19.925902859781694	30.10861202236437	30.55427944590831	19.411205671945634	N_SRR7890889
5	20.15619824005837	30.541198079769522	30.384164939525167	18.918438740646945	N_SRR7890889
6	20.212548695885513	30.74147571714488	29.273336400549542	19.77263918642007	N_SRR7890889
7	20.112230060638986	30.483504038604426	30.201850327961843	19.202415572794745	N_SRR7890889
8	19.570988548489684	30.66556854243582	30.120980414421062	19.642462494653433	N_SRR7890889
9	19.43692101194828	30.385113191040592	30.53322827159458	19.644737525416552	N_SRR7890889
10	19.489484693496838	30.475945508347003	30.429411699851382	19.605158098304777	N_SRR7890889
11	19.489484693496838	30.475945508347003	30.429411699851382	19.605158098304777	N_SRR7890889
12	19.489484693496838	30.475945508347003	30.429411699851382	19.605158098304777	N_SRR7890889
13	19.489484693496838	30.475945508347003	30.429411699851382	19.605158098304777	N_SRR7890889
15	19.578928690205675	30.231537409574006	30.46976528483394	19.719768615386386	N_SRR7890889
16	19.578928690205675	30.231537409574006	30.46976528483394	19.719768615386386	N_SRR7890889
17	19.578928690205675	30.231537409574006	30.46976528483394	19.719768615386386	N_SRR7890889
18	19.578928690205675	30.231537409574006	30.46976528483394	19.719768615386386	N_SRR7890889
20	19.79426676173189	30.016552525882535	30.27821158259768	19.910969129787897	N_SRR7890889
21	19.79426676173189	30.016552525882535	30.27821158259768	19.910969129787897	N_SRR7890889
22	19.79426676173189	30.016552525882535	30.27821158259768	19.910969129787897	N_SRR7890889
23	19.79426676173189	30.016552525882535	30.27821158259768	19.910969129787897	N_SRR7890889
25	19.936454247399837	29.956385558005856	30.083791596676807	20.023368597917496	N_SRR7890889
26	19.936454247399837	29.956385558005856	30.083791596676807	20.023368597917496	N_SRR7890889
27	19.936454247399837	29.956385558005856	30.083791596676807	20.023368597917496	N_SRR7890889
28	19.936454247399837	29.956385558005856	30.083791596676807	20.023368597917496	N_SRR7890889
30	20.115118944274503	29.893812963646678	29.945529170814744	20.04553892126408	N_SRR7890889
31	20.115118944274503	29.893812963646678	29.945529170814744	20.04553892126408	N_SRR7890889
32	20.115118944274503	29.893812963646678	29.945529170814744	20.04553892126408	N_SRR7890889
33	20.115118944274503	29.893812963646678	29.945529170814744	20.04553892126408	N_SRR7890889
35	20.143990894693424	29.809211262442897	29.913695297075467	20.133102545788216	N_SRR7890889
36	20.143990894693424	29.809211262442897	29.913695297075467	20.133102545788216	N_SRR7890889
37	20.143990894693424	29.809211262442897	29.913695297075467	20.133102545788216	N_SRR7890889
38	20.143990894693424	29.809211262442897	29.913695297075467	20.133102545788216	N_SRR7890889
40	20.205362505283205	29.78220051244385	29.87410961052033	20.138327371752613	N_SRR7890889
41	20.205362505283205	29.78220051244385	29.87410961052033	20.138327371752613	N_SRR7890889
42	20.205362505283205	29.78220051244385	29.87410961052033	20.138327371752613	N_SRR7890889
43	20.205362505283205	29.78220051244385	29.87410961052033	20.138327371752613	N_SRR7890889
45	20.21369619303624	29.725342350867916	29.818230629297755	20.24273082679809	N_SRR7890889
46	20.21369619303624	29.725342350867916	29.818230629297755	20.24273082679809	N_SRR7890889
47	20.21369619303624	29.725342350867916	29.818230629297755	20.24273082679809	N_SRR7890889
48	20.21369619303624	29.725342350867916	29.818230629297755	20.24273082679809	N_SRR7890889
50	20.200234441222157	29.73666997140941	29.81580301384709	20.247292573521346	N_SRR7890889
51	20.200234441222157	29.73666997140941	29.81580301384709	20.247292573521346	N_SRR7890889
52	20.200234441222157	29.73666997140941	29.81580301384709	20.247292573521346	N_SRR7890889
53	20.200234441222157	29.73666997140941	29.81580301384709	20.247292573521346	N_SRR7890889
55	20.21309364793276	29.71674372854236	29.810507619709252	20.259655003815624	N_SRR7890889
56	20.21309364793276	29.71674372854236	29.810507619709252	20.259655003815624	N_SRR7890889
57	20.21309364793276	29.71674372854236	29.810507619709252	20.259655003815624	N_SRR7890889
58	20.21309364793276	29.71674372854236	29.810507619709252	20.259655003815624	N_SRR7890889
60	20.21468294750761	29.70691157014473	29.772011062554416	20.306394419793246	N_SRR7890889
61	20.21468294750761	29.70691157014473	29.772011062554416	20.306394419793246	N_SRR7890889
62	20.21468294750761	29.70691157014473	29.772011062554416	20.306394419793246	N_SRR7890889
63	20.21468294750761	29.70691157014473	29.772011062554416	20.306394419793246	N_SRR7890889
65	20.197306957152737	29.71538985319751	29.747744022062562	20.339559167587193	N_SRR7890889
66	20.197306957152737	29.71538985319751	29.747744022062562	20.339559167587193	N_SRR7890889
67	20.197306957152737	29.71538985319751	29.747744022062562	20.339559167587193	N_SRR7890889
68	20.197306957152737	29.71538985319751	29.747744022062562	20.339559167587193	N_SRR7890889
70	20.2547214067926	29.71787860895887	29.692851129483483	20.334548854765043	N_SRR7890889
71	20.2547214067926	29.71787860895887	29.692851129483483	20.334548854765043	N_SRR7890889
72	20.2547214067926	29.71787860895887	29.692851129483483	20.334548854765043	N_SRR7890889
73	20.2547214067926	29.71787860895887	29.692851129483483	20.334548854765043	N_SRR7890889
75	20.245561783519978	29.703048008046533	29.725932374989423	20.325457833444066	N_SRR7890889
76	20.245561783519978	29.703048008046533	29.725932374989423	20.325457833444066	N_SRR7890889
77	20.245561783519978	29.703048008046533	29.725932374989423	20.325457833444066	N_SRR7890889
78	20.245561783519978	29.703048008046533	29.725932374989423	20.325457833444066	N_SRR7890889
80	20.273508520552465	29.740010931492396	29.71205850939464	20.2744220385605	N_SRR7890889
81	20.273508520552465	29.740010931492396	29.71205850939464	20.2744220385605	N_SRR7890889
82	20.273508520552465	29.740010931492396	29.71205850939464	20.2744220385605	N_SRR7890889
83	20.273508520552465	29.740010931492396	29.71205850939464	20.2744220385605	N_SRR7890889
85	20.244536918676037	29.705732522951404	29.732893753750687	20.316836804621868	N_SRR7890889
86	20.244536918676037	29.705732522951404	29.732893753750687	20.316836804621868	N_SRR7890889
87	20.244536918676037	29.705732522951404	29.732893753750687	20.316836804621868	N_SRR7890889
88	20.244536918676037	29.705732522951404	29.732893753750687	20.316836804621868	N_SRR7890889
90	20.232082892814258	29.670931170033356	29.743723656128658	20.353262281023728	N_SRR7890889
91	20.232082892814258	29.670931170033356	29.743723656128658	20.353262281023728	N_SRR7890889
92	20.232082892814258	29.670931170033356	29.743723656128658	20.353262281023728	N_SRR7890889
93	20.232082892814258	29.670931170033356	29.743723656128658	20.353262281023728	N_SRR7890889
95	20.236834559968504	29.700524596275706	29.711857490742617	20.350783353013174	N_SRR7890889
96	20.236834559968504	29.700524596275706	29.711857490742617	20.350783353013174	N_SRR7890889
97	20.236834559968504	29.700524596275706	29.711857490742617	20.350783353013174	N_SRR7890889
98	20.236834559968504	29.700524596275706	29.711857490742617	20.350783353013174	N_SRR7890889
100	20.25942857782702	29.684769560977394	29.682202480446744	20.373599380748843	N_SRR7890889
101	20.25942857782702	29.684769560977394	29.682202480446744	20.373599380748843	N_SRR7890889
102	20.25942857782702	29.684769560977394	29.682202480446744	20.373599380748843	N_SRR7890889
103	20.25942857782702	29.684769560977394	29.682202480446744	20.373599380748843	N_SRR7890889
105	20.21434097579904	29.741253082971024	29.70062457688615	20.343781364343787	N_SRR7890889
106	20.21434097579904	29.741253082971024	29.70062457688615	20.343781364343787	N_SRR7890889
107	20.21434097579904	29.741253082971024	29.70062457688615	20.343781364343787	N_SRR7890889
108	20.21434097579904	29.741253082971024	29.70062457688615	20.343781364343787	N_SRR7890889
110	20.203456511611844	29.76493689418473	29.69282229520436	20.338784298999073	N_SRR7890889
111	20.203456511611844	29.76493689418473	29.69282229520436	20.338784298999073	N_SRR7890889
112	20.203456511611844	29.76493689418473	29.69282229520436	20.338784298999073	N_SRR7890889
113	20.203456511611844	29.76493689418473	29.69282229520436	20.338784298999073	N_SRR7890889
115	20.223376340764148	29.760417309973803	29.696079416721883	20.32012693254017	N_SRR7890889
116	20.223376340764148	29.760417309973803	29.696079416721883	20.32012693254017	N_SRR7890889
117	20.223376340764148	29.760417309973803	29.696079416721883	20.32012693254017	N_SRR7890889
118	20.223376340764148	29.760417309973803	29.696079416721883	20.32012693254017	N_SRR7890889
120	20.20244047705706	29.773322271598744	29.688301192976507	20.335936058367686	N_SRR7890889
121	20.20244047705706	29.773322271598744	29.688301192976507	20.335936058367686	N_SRR7890889
122	20.20244047705706	29.773322271598744	29.688301192976507	20.335936058367686	N_SRR7890889
123	20.20244047705706	29.773322271598744	29.688301192976507	20.335936058367686	N_SRR7890889
125	20.14059808219898	29.791699787271092	29.704155065417392	20.363547065112535	N_SRR7890889
126	20.14059808219898	29.791699787271092	29.704155065417392	20.363547065112535	N_SRR7890889
127	20.14059808219898	29.791699787271092	29.704155065417392	20.363547065112535	N_SRR7890889
128	20.14059808219898	29.791699787271092	29.704155065417392	20.363547065112535	N_SRR7890889
130	20.129278111842982	29.800921874518476	29.69544606023392	20.374353953404622	N_SRR7890889
131	20.129278111842982	29.800921874518476	29.69544606023392	20.374353953404622	N_SRR7890889
132	20.129278111842982	29.800921874518476	29.69544606023392	20.374353953404622	N_SRR7890889
133	20.129278111842982	29.800921874518476	29.69544606023392	20.374353953404622	N_SRR7890889
135	20.042668072506185	29.82364175208236	29.723871122099187	20.409819053312265	N_SRR7890889
136	20.042668072506185	29.82364175208236	29.723871122099187	20.409819053312265	N_SRR7890889
137	20.042668072506185	29.82364175208236	29.723871122099187	20.409819053312265	N_SRR7890889
138	20.042668072506185	29.82364175208236	29.723871122099187	20.409819053312265	N_SRR7890889
140	19.925634439907572	29.835051808703604	29.786965704657213	20.452348046731604	N_SRR7890889
141	19.925634439907572	29.835051808703604	29.786965704657213	20.452348046731604	N_SRR7890889
142	19.925634439907572	29.835051808703604	29.786965704657213	20.452348046731604	N_SRR7890889
143	19.925634439907572	29.835051808703604	29.786965704657213	20.452348046731604	N_SRR7890889
145	17.711046890406955	30.628315401409395	30.715692574387397	20.944945133796253	N_SRR7890889
146	17.711046890406955	30.628315401409395	30.715692574387397	20.944945133796253	N_SRR7890889
147	17.711046890406955	30.628315401409395	30.715692574387397	20.944945133796253	N_SRR7890889
148	17.711046890406955	30.628315401409395	30.715692574387397	20.944945133796253	N_SRR7890889
150	0.0	35.80796349086009	38.11028023864119	26.081756270498722	N_SRR7890889
