Base	G	A	T	C	sample
1	16.19317542816548	33.35547453261135	30.484131886173397	19.967218153049764	cup_normal
2	19.258652391509237	32.33137226427183	29.887960571453544	18.52201477276539	cup_normal
3	19.136989749429276	30.958632545937764	30.48875707736861	19.415620627264342	cup_normal
4	19.517362704909058	30.037198829415264	30.754432787519605	19.691005678156078	cup_normal
5	19.919822207536672	30.22104627241938	30.79545805146865	19.063673468575303	cup_normal
6	20.174215466086387	30.68032053161574	29.61385244056317	19.531611561734703	cup_normal
7	20.320551342177744	30.499642403091038	30.147728428586017	19.032077826145198	cup_normal
8	19.79483073944057	30.677575692914523	30.109754427479153	19.417839140165754	cup_normal
9	19.575009586762516	30.355208336547168	30.55216865854694	19.51761341814338	cup_normal
10	19.66881066400393	30.534356888680342	30.165781976070704	19.631050471245015	cup_normal
11	19.66881066400393	30.534356888680342	30.165781976070704	19.631050471245015	cup_normal
12	19.66881066400393	30.534356888680342	30.165781976070704	19.631050471245015	cup_normal
13	19.66881066400393	30.534356888680342	30.165781976070704	19.631050471245015	cup_normal
15	19.718543981630678	30.43719302204272	30.193334432356732	19.65092856396987	cup_normal
16	19.718543981630678	30.43719302204272	30.193334432356732	19.65092856396987	cup_normal
17	19.718543981630678	30.43719302204272	30.193334432356732	19.65092856396987	cup_normal
18	19.718543981630678	30.43719302204272	30.193334432356732	19.65092856396987	cup_normal
20	19.895963867418722	30.208009564015036	30.0471542487044	19.848872319861844	cup_normal
21	19.895963867418722	30.208009564015036	30.0471542487044	19.848872319861844	cup_normal
22	19.895963867418722	30.208009564015036	30.0471542487044	19.848872319861844	cup_normal
23	19.895963867418722	30.208009564015036	30.0471542487044	19.848872319861844	cup_normal
25	20.04204155126556	30.10220854500501	29.892468580559182	19.96328132317024	cup_normal
26	20.04204155126556	30.10220854500501	29.892468580559182	19.96328132317024	cup_normal
27	20.04204155126556	30.10220854500501	29.892468580559182	19.96328132317024	cup_normal
28	20.04204155126556	30.10220854500501	29.892468580559182	19.96328132317024	cup_normal
30	20.20791033941058	30.000783593191876	29.759578709705252	20.031727357692287	cup_normal
31	20.20791033941058	30.000783593191876	29.759578709705252	20.031727357692287	cup_normal
32	20.20791033941058	30.000783593191876	29.759578709705252	20.031727357692287	cup_normal
33	20.20791033941058	30.000783593191876	29.759578709705252	20.031727357692287	cup_normal
35	20.27832762127377	29.930066714226005	29.679104889997475	20.11250077450275	cup_normal
36	20.27832762127377	29.930066714226005	29.679104889997475	20.11250077450275	cup_normal
37	20.27832762127377	29.930066714226005	29.679104889997475	20.11250077450275	cup_normal
38	20.27832762127377	29.930066714226005	29.679104889997475	20.11250077450275	cup_normal
40	20.341480524857715	29.88815021533684	29.608077571969098	20.162291687836348	cup_normal
41	20.341480524857715	29.88815021533684	29.608077571969098	20.162291687836348	cup_normal
42	20.341480524857715	29.88815021533684	29.608077571969098	20.162291687836348	cup_normal
43	20.341480524857715	29.88815021533684	29.608077571969098	20.162291687836348	cup_normal
45	20.361739635168714	29.84559705495397	29.572643694114554	20.220019615762762	cup_normal
46	20.361739635168714	29.84559705495397	29.572643694114554	20.220019615762762	cup_normal
47	20.361739635168714	29.84559705495397	29.572643694114554	20.220019615762762	cup_normal
48	20.361739635168714	29.84559705495397	29.572643694114554	20.220019615762762	cup_normal
50	20.374065142636827	29.835887334986804	29.5440916202665	20.24595590210987	cup_normal
51	20.374065142636827	29.835887334986804	29.5440916202665	20.24595590210987	cup_normal
52	20.374065142636827	29.835887334986804	29.5440916202665	20.24595590210987	cup_normal
53	20.374065142636827	29.835887334986804	29.5440916202665	20.24595590210987	cup_normal
55	20.423312190128158	29.811474944223022	29.50153855317995	20.26367431246887	cup_normal
56	20.423312190128158	29.811474944223022	29.50153855317995	20.26367431246887	cup_normal
57	20.423312190128158	29.811474944223022	29.50153855317995	20.26367431246887	cup_normal
58	20.423312190128158	29.811474944223022	29.50153855317995	20.26367431246887	cup_normal
60	20.410193910136133	29.822951614834842	29.45791880260296	20.308935672426067	cup_normal
61	20.410193910136133	29.822951614834842	29.45791880260296	20.308935672426067	cup_normal
62	20.410193910136133	29.822951614834842	29.45791880260296	20.308935672426067	cup_normal
63	20.410193910136133	29.822951614834842	29.45791880260296	20.308935672426067	cup_normal
65	20.42534943420586	29.791382288454983	29.45839396694693	20.324874310392232	cup_normal
66	20.42534943420586	29.791382288454983	29.45839396694693	20.324874310392232	cup_normal
67	20.42534943420586	29.791382288454983	29.45839396694693	20.324874310392232	cup_normal
68	20.42534943420586	29.791382288454983	29.45839396694693	20.324874310392232	cup_normal
70	20.48126125547984	29.787247867224444	29.42194061518592	20.309550262109795	cup_normal
71	20.48126125547984	29.787247867224444	29.42194061518592	20.309550262109795	cup_normal
72	20.48126125547984	29.787247867224444	29.42194061518592	20.309550262109795	cup_normal
73	20.48126125547984	29.787247867224444	29.42194061518592	20.309550262109795	cup_normal
75	20.46807243727479	29.774420765415243	29.413797051404327	20.343709745905635	cup_normal
76	20.46807243727479	29.774420765415243	29.413797051404327	20.343709745905635	cup_normal
77	20.46807243727479	29.774420765415243	29.413797051404327	20.343709745905635	cup_normal
78	20.46807243727479	29.774420765415243	29.413797051404327	20.343709745905635	cup_normal
80	20.50394517725139	29.788451473991596	29.397339323665488	20.310264025091527	cup_normal
81	20.50394517725139	29.788451473991596	29.397339323665488	20.310264025091527	cup_normal
82	20.50394517725139	29.788451473991596	29.397339323665488	20.310264025091527	cup_normal
83	20.50394517725139	29.788451473991596	29.397339323665488	20.310264025091527	cup_normal
85	20.471057883590195	29.79680420265411	29.378485134567438	20.353652779188256	cup_normal
86	20.471057883590195	29.79680420265411	29.378485134567438	20.353652779188256	cup_normal
87	20.471057883590195	29.79680420265411	29.378485134567438	20.353652779188256	cup_normal
88	20.471057883590195	29.79680420265411	29.378485134567438	20.353652779188256	cup_normal
90	20.48269233465819	29.75577243940004	29.386613387978088	20.374921837963686	cup_normal
91	20.48269233465819	29.75577243940004	29.386613387978088	20.374921837963686	cup_normal
92	20.48269233465819	29.75577243940004	29.386613387978088	20.374921837963686	cup_normal
93	20.48269233465819	29.75577243940004	29.386613387978088	20.374921837963686	cup_normal
95	20.511191495052554	29.768664456906514	29.33596770986383	20.384176338177102	cup_normal
96	20.511191495052554	29.768664456906514	29.33596770986383	20.384176338177102	cup_normal
97	20.511191495052554	29.768664456906514	29.33596770986383	20.384176338177102	cup_normal
98	20.511191495052554	29.768664456906514	29.33596770986383	20.384176338177102	cup_normal
100	20.555320487990883	29.74893310035178	29.308291635920835	20.3874547757365	cup_normal
101	20.555320487990883	29.74893310035178	29.308291635920835	20.3874547757365	cup_normal
102	20.555320487990883	29.74893310035178	29.308291635920835	20.3874547757365	cup_normal
103	20.555320487990883	29.74893310035178	29.308291635920835	20.3874547757365	cup_normal
105	20.549340280651247	29.793811415029463	29.29845793251184	20.358390371807452	cup_normal
106	20.549340280651247	29.793811415029463	29.29845793251184	20.358390371807452	cup_normal
107	20.549340280651247	29.793811415029463	29.29845793251184	20.358390371807452	cup_normal
108	20.549340280651247	29.793811415029463	29.29845793251184	20.358390371807452	cup_normal
110	20.566055702411813	29.803013524551137	29.274403402117965	20.356527370919082	cup_normal
111	20.566055702411813	29.803013524551137	29.274403402117965	20.356527370919082	cup_normal
112	20.566055702411813	29.803013524551137	29.274403402117965	20.356527370919082	cup_normal
113	20.566055702411813	29.803013524551137	29.274403402117965	20.356527370919082	cup_normal
115	20.61272219349071	29.771442089609106	29.263215799462294	20.352619917437895	cup_normal
116	20.61272219349071	29.771442089609106	29.263215799462294	20.352619917437895	cup_normal
117	20.61272219349071	29.771442089609106	29.263215799462294	20.352619917437895	cup_normal
118	20.61272219349071	29.771442089609106	29.263215799462294	20.352619917437895	cup_normal
120	20.616492126583072	29.808830121382684	29.22898095041119	20.34569680162305	cup_normal
121	20.616492126583072	29.808830121382684	29.22898095041119	20.34569680162305	cup_normal
122	20.616492126583072	29.808830121382684	29.22898095041119	20.34569680162305	cup_normal
123	20.616492126583072	29.808830121382684	29.22898095041119	20.34569680162305	cup_normal
125	20.622356244010366	29.811356681625316	29.206391134395123	20.359895939969196	cup_normal
126	20.622356244010366	29.811356681625316	29.206391134395123	20.359895939969196	cup_normal
127	20.622356244010366	29.811356681625316	29.206391134395123	20.359895939969196	cup_normal
128	20.622356244010366	29.811356681625316	29.206391134395123	20.359895939969196	cup_normal
130	20.669292796772602	29.799556252264047	29.173170798674263	20.35798015228908	cup_normal
131	20.669292796772602	29.799556252264047	29.173170798674263	20.35798015228908	cup_normal
132	20.669292796772602	29.799556252264047	29.173170798674263	20.35798015228908	cup_normal
133	20.669292796772602	29.799556252264047	29.173170798674263	20.35798015228908	cup_normal
135	20.663671442902313	29.78822054807316	29.191204011938883	20.35690399708565	cup_normal
136	20.663671442902313	29.78822054807316	29.191204011938883	20.35690399708565	cup_normal
137	20.663671442902313	29.78822054807316	29.191204011938883	20.35690399708565	cup_normal
138	20.663671442902313	29.78822054807316	29.191204011938883	20.35690399708565	cup_normal
140	20.720169759560196	29.789935918005728	29.18895322161851	20.300941100815564	cup_normal
141	20.720169759560196	29.789935918005728	29.18895322161851	20.300941100815564	cup_normal
142	20.720169759560196	29.789935918005728	29.18895322161851	20.300941100815564	cup_normal
143	20.720169759560196	29.789935918005728	29.18895322161851	20.300941100815564	cup_normal
145	20.800370310163164	29.42977619033621	29.38248118642559	20.387372313075034	cup_normal
146	20.800370310163164	29.42977619033621	29.38248118642559	20.387372313075034	cup_normal
147	20.800370310163164	29.42977619033621	29.38248118642559	20.387372313075034	cup_normal
148	20.800370310163164	29.42977619033621	29.38248118642559	20.387372313075034	cup_normal
150	21.41444656200804	14.634775514476884	37.65077612837525	26.300001795139828	cup_normal
