Base	G	A	T	C	sample
1	16.17546890982856	33.05963638326663	30.68344155779718	20.081453149107627	cup_tissue
2	19.3107499463837	32.39780128018156	29.741717807667495	18.549730965767246	cup_tissue
3	19.310165517008688	31.125722071547727	30.007522147166142	19.556590264277443	cup_tissue
4	19.597579251566952	30.25920656244871	30.283171519429875	19.860042666554467	cup_tissue
5	19.970116853285003	30.3965307208751	30.55047149758684	19.08288092825306	cup_tissue
6	20.155513852942686	30.558391723551832	29.657206440734917	19.628887982770564	cup_tissue
7	20.40474334093366	30.454438687885656	30.059676293050025	19.081141678130663	cup_tissue
8	19.803885766907573	30.612932643597635	30.051561481310944	19.531620108183848	cup_tissue
9	19.64788559784855	30.32957362656817	30.473481320826934	19.54905945475635	cup_tissue
10	19.71195494812677	30.476028791088766	30.141229488576066	19.670786772208405	cup_tissue
11	19.71195494812677	30.476028791088766	30.141229488576066	19.670786772208405	cup_tissue
12	19.71195494812677	30.476028791088766	30.141229488576066	19.670786772208405	cup_tissue
13	19.71195494812677	30.476028791088766	30.141229488576066	19.670786772208405	cup_tissue
15	19.753400804636833	30.370312991637554	30.167762536513283	19.70852366721233	cup_tissue
16	19.753400804636833	30.370312991637554	30.167762536513283	19.70852366721233	cup_tissue
17	19.753400804636833	30.370312991637554	30.167762536513283	19.70852366721233	cup_tissue
18	19.753400804636833	30.370312991637554	30.167762536513283	19.70852366721233	cup_tissue
20	19.913517308198283	30.14879828267492	30.022081215105693	19.9156031940211	cup_tissue
21	19.913517308198283	30.14879828267492	30.022081215105693	19.9156031940211	cup_tissue
22	19.913517308198283	30.14879828267492	30.022081215105693	19.9156031940211	cup_tissue
23	19.913517308198283	30.14879828267492	30.022081215105693	19.9156031940211	cup_tissue
25	20.076141374856793	30.07321725740171	29.84502375962036	20.005617608121142	cup_tissue
26	20.076141374856793	30.07321725740171	29.84502375962036	20.005617608121142	cup_tissue
27	20.076141374856793	30.07321725740171	29.84502375962036	20.005617608121142	cup_tissue
28	20.076141374856793	30.07321725740171	29.84502375962036	20.005617608121142	cup_tissue
30	20.251146805046172	29.95746005879514	29.724251460172585	20.067141675986107	cup_tissue
31	20.251146805046172	29.95746005879514	29.724251460172585	20.067141675986107	cup_tissue
32	20.251146805046172	29.95746005879514	29.724251460172585	20.067141675986107	cup_tissue
33	20.251146805046172	29.95746005879514	29.724251460172585	20.067141675986107	cup_tissue
35	20.304132353509505	29.89539301284695	29.62901195760614	20.17146267603741	cup_tissue
36	20.304132353509505	29.89539301284695	29.62901195760614	20.17146267603741	cup_tissue
37	20.304132353509505	29.89539301284695	29.62901195760614	20.17146267603741	cup_tissue
38	20.304132353509505	29.89539301284695	29.62901195760614	20.17146267603741	cup_tissue
40	20.355586617786503	29.867974087482242	29.57435123438108	20.202088060350178	cup_tissue
41	20.355586617786503	29.867974087482242	29.57435123438108	20.202088060350178	cup_tissue
42	20.355586617786503	29.867974087482242	29.57435123438108	20.202088060350178	cup_tissue
43	20.355586617786503	29.867974087482242	29.57435123438108	20.202088060350178	cup_tissue
45	20.37209394959958	29.819798485955957	29.529893507057377	20.27821405738709	cup_tissue
46	20.37209394959958	29.819798485955957	29.529893507057377	20.27821405738709	cup_tissue
47	20.37209394959958	29.819798485955957	29.529893507057377	20.27821405738709	cup_tissue
48	20.37209394959958	29.819798485955957	29.529893507057377	20.27821405738709	cup_tissue
50	20.39854920584785	29.807881458107882	29.506063556290652	20.28750577975362	cup_tissue
51	20.39854920584785	29.807881458107882	29.506063556290652	20.28750577975362	cup_tissue
52	20.39854920584785	29.807881458107882	29.506063556290652	20.28750577975362	cup_tissue
53	20.39854920584785	29.807881458107882	29.506063556290652	20.28750577975362	cup_tissue
55	20.44977990177921	29.802498573761614	29.46450416365459	20.28321736080459	cup_tissue
56	20.44977990177921	29.802498573761614	29.46450416365459	20.28321736080459	cup_tissue
57	20.44977990177921	29.802498573761614	29.46450416365459	20.28321736080459	cup_tissue
58	20.44977990177921	29.802498573761614	29.46450416365459	20.28321736080459	cup_tissue
60	20.427197825312916	29.81157033002475	29.424229444834022	20.337002399828314	cup_tissue
61	20.427197825312916	29.81157033002475	29.424229444834022	20.337002399828314	cup_tissue
62	20.427197825312916	29.81157033002475	29.424229444834022	20.337002399828314	cup_tissue
63	20.427197825312916	29.81157033002475	29.424229444834022	20.337002399828314	cup_tissue
65	20.42917846462494	29.790370868665622	29.413722376119466	20.366728290589972	cup_tissue
66	20.42917846462494	29.790370868665622	29.413722376119466	20.366728290589972	cup_tissue
67	20.42917846462494	29.790370868665622	29.413722376119466	20.366728290589972	cup_tissue
68	20.42917846462494	29.790370868665622	29.413722376119466	20.366728290589972	cup_tissue
70	20.488551874354616	29.778902444530058	29.380682266371604	20.351863414743722	cup_tissue
71	20.488551874354616	29.778902444530058	29.380682266371604	20.351863414743722	cup_tissue
72	20.488551874354616	29.778902444530058	29.380682266371604	20.351863414743722	cup_tissue
73	20.488551874354616	29.778902444530058	29.380682266371604	20.351863414743722	cup_tissue
75	20.463506898362198	29.782359441063882	29.385512509606247	20.368621150967677	cup_tissue
76	20.463506898362198	29.782359441063882	29.385512509606247	20.368621150967677	cup_tissue
77	20.463506898362198	29.782359441063882	29.385512509606247	20.368621150967677	cup_tissue
78	20.463506898362198	29.782359441063882	29.385512509606247	20.368621150967677	cup_tissue
80	20.518274613342165	29.807114573017035	29.350642320626363	20.323968493014437	cup_tissue
81	20.518274613342165	29.807114573017035	29.350642320626363	20.323968493014437	cup_tissue
82	20.518274613342165	29.807114573017035	29.350642320626363	20.323968493014437	cup_tissue
83	20.518274613342165	29.807114573017035	29.350642320626363	20.323968493014437	cup_tissue
85	20.489111930683734	29.78436303300642	29.347540314238763	20.37898472207108	cup_tissue
86	20.489111930683734	29.78436303300642	29.347540314238763	20.37898472207108	cup_tissue
87	20.489111930683734	29.78436303300642	29.347540314238763	20.37898472207108	cup_tissue
88	20.489111930683734	29.78436303300642	29.347540314238763	20.37898472207108	cup_tissue
90	20.473734052488354	29.754867891707647	29.35235951697634	20.419038538827657	cup_tissue
91	20.473734052488354	29.754867891707647	29.35235951697634	20.419038538827657	cup_tissue
92	20.473734052488354	29.754867891707647	29.35235951697634	20.419038538827657	cup_tissue
93	20.473734052488354	29.754867891707647	29.35235951697634	20.419038538827657	cup_tissue
95	20.528369951235735	29.768480520494972	29.314189578098226	20.388959950171067	cup_tissue
96	20.528369951235735	29.768480520494972	29.314189578098226	20.388959950171067	cup_tissue
97	20.528369951235735	29.768480520494972	29.314189578098226	20.388959950171067	cup_tissue
98	20.528369951235735	29.768480520494972	29.314189578098226	20.388959950171067	cup_tissue
100	20.559236033364666	29.76736830359964	29.28375534210171	20.38964032093399	cup_tissue
101	20.559236033364666	29.76736830359964	29.28375534210171	20.38964032093399	cup_tissue
102	20.559236033364666	29.76736830359964	29.28375534210171	20.38964032093399	cup_tissue
103	20.559236033364666	29.76736830359964	29.28375534210171	20.38964032093399	cup_tissue
105	20.5678825786484	29.785451867881648	29.26037694496818	20.386288608501772	cup_tissue
106	20.5678825786484	29.785451867881648	29.26037694496818	20.386288608501772	cup_tissue
107	20.5678825786484	29.785451867881648	29.26037694496818	20.386288608501772	cup_tissue
108	20.5678825786484	29.785451867881648	29.26037694496818	20.386288608501772	cup_tissue
110	20.55916901407886	29.809061111264732	29.255426499648742	20.376343375007664	cup_tissue
111	20.55916901407886	29.809061111264732	29.255426499648742	20.376343375007664	cup_tissue
112	20.55916901407886	29.809061111264732	29.255426499648742	20.376343375007664	cup_tissue
113	20.55916901407886	29.809061111264732	29.255426499648742	20.376343375007664	cup_tissue
115	20.621831547910855	29.77364281961224	29.230587685401876	20.373937947075028	cup_tissue
116	20.621831547910855	29.77364281961224	29.230587685401876	20.373937947075028	cup_tissue
117	20.621831547910855	29.77364281961224	29.230587685401876	20.373937947075028	cup_tissue
118	20.621831547910855	29.77364281961224	29.230587685401876	20.373937947075028	cup_tissue
120	20.639392286487052	29.79722269401635	29.198309976299953	20.365075043196644	cup_tissue
121	20.639392286487052	29.79722269401635	29.198309976299953	20.365075043196644	cup_tissue
122	20.639392286487052	29.79722269401635	29.198309976299953	20.365075043196644	cup_tissue
123	20.639392286487052	29.79722269401635	29.198309976299953	20.365075043196644	cup_tissue
125	20.64556258104574	29.805448519328554	29.174012528150726	20.37497637147498	cup_tissue
126	20.64556258104574	29.805448519328554	29.174012528150726	20.37497637147498	cup_tissue
127	20.64556258104574	29.805448519328554	29.174012528150726	20.37497637147498	cup_tissue
128	20.64556258104574	29.805448519328554	29.174012528150726	20.37497637147498	cup_tissue
130	20.681029166537147	29.807521110067153	29.14435866608241	20.367091057313296	cup_tissue
131	20.681029166537147	29.807521110067153	29.14435866608241	20.367091057313296	cup_tissue
132	20.681029166537147	29.807521110067153	29.14435866608241	20.367091057313296	cup_tissue
133	20.681029166537147	29.807521110067153	29.14435866608241	20.367091057313296	cup_tissue
135	20.682968531374055	29.780698378593545	29.159688238607345	20.376644851425052	cup_tissue
136	20.682968531374055	29.780698378593545	29.159688238607345	20.376644851425052	cup_tissue
137	20.682968531374055	29.780698378593545	29.159688238607345	20.376644851425052	cup_tissue
138	20.682968531374055	29.780698378593545	29.159688238607345	20.376644851425052	cup_tissue
140	20.745148375942975	29.774520576311698	29.164426694105494	20.315904353639834	cup_tissue
141	20.745148375942975	29.774520576311698	29.164426694105494	20.315904353639834	cup_tissue
142	20.745148375942975	29.774520576311698	29.164426694105494	20.315904353639834	cup_tissue
143	20.745148375942975	29.774520576311698	29.164426694105494	20.315904353639834	cup_tissue
145	20.82808455641431	29.428562622807032	29.343254398316915	20.400098422461742	cup_tissue
146	20.82808455641431	29.428562622807032	29.343254398316915	20.400098422461742	cup_tissue
147	20.82808455641431	29.428562622807032	29.343254398316915	20.400098422461742	cup_tissue
148	20.82808455641431	29.428562622807032	29.343254398316915	20.400098422461742	cup_tissue
150	21.490106186615087	14.629671183426069	37.56393917589608	26.316283454062763	cup_tissue
