Base	G	A	T	C	sample
1	17.054599413928546	33.70579213167903	27.920862896689318	21.318745557703096	CCR180074_WH18B001P017
2	18.88253171844381	31.49565193279958	28.844680937435445	20.77713541132116	CCR180074_WH18B001P017
3	17.954668449177593	29.965193561816285	31.925018047524183	20.15511994148194	CCR180074_WH18B001P017
4	18.969163714380834	28.96064246101457	32.73714147454784	19.33305235005676	CCR180074_WH18B001P017
5	19.028994081423907	29.401382463844666	31.91941026471625	19.650213190015176	CCR180074_WH18B001P017
6	20.203372649292884	31.652075150819552	28.721365128785425	19.423187071102134	CCR180074_WH18B001P017
7	19.826003197850227	30.180539310100514	29.994536606927717	19.99892088512154	CCR180074_WH18B001P017
8	19.61962301394761	30.63579906404247	30.23667619884714	19.507901723162778	CCR180074_WH18B001P017
9	19.5057895681159	29.737070100843333	30.84886704463594	19.908273286404825	CCR180074_WH18B001P017
10	19.70589216202855	30.241921263797938	30.20115617507019	19.851030399103323	CCR180074_WH18B001P017
11	19.70589216202855	30.241921263797938	30.20115617507019	19.851030399103323	CCR180074_WH18B001P017
12	19.70589216202855	30.241921263797938	30.20115617507019	19.851030399103323	CCR180074_WH18B001P017
13	19.70589216202855	30.241921263797938	30.20115617507019	19.851030399103323	CCR180074_WH18B001P017
15	19.694186094986918	30.19113792932181	30.286645058995564	19.828030916695706	CCR180074_WH18B001P017
16	19.694186094986918	30.19113792932181	30.286645058995564	19.828030916695706	CCR180074_WH18B001P017
17	19.694186094986918	30.19113792932181	30.286645058995564	19.828030916695706	CCR180074_WH18B001P017
18	19.694186094986918	30.19113792932181	30.286645058995564	19.828030916695706	CCR180074_WH18B001P017
20	19.919955734198545	30.058697266558838	30.071626742272784	19.94972025696984	CCR180074_WH18B001P017
21	19.919955734198545	30.058697266558838	30.071626742272784	19.94972025696984	CCR180074_WH18B001P017
22	19.919955734198545	30.058697266558838	30.071626742272784	19.94972025696984	CCR180074_WH18B001P017
23	19.919955734198545	30.058697266558838	30.071626742272784	19.94972025696984	CCR180074_WH18B001P017
25	20.023265482359758	29.86659664425073	30.075079849035514	20.035058024354	CCR180074_WH18B001P017
26	20.023265482359758	29.86659664425073	30.075079849035514	20.035058024354	CCR180074_WH18B001P017
27	20.023265482359758	29.86659664425073	30.075079849035514	20.035058024354	CCR180074_WH18B001P017
28	20.023265482359758	29.86659664425073	30.075079849035514	20.035058024354	CCR180074_WH18B001P017
30	20.24431633497667	29.82364625298773	29.81316482335587	20.118872588679732	CCR180074_WH18B001P017
31	20.24431633497667	29.82364625298773	29.81316482335587	20.118872588679732	CCR180074_WH18B001P017
32	20.24431633497667	29.82364625298773	29.81316482335587	20.118872588679732	CCR180074_WH18B001P017
33	20.24431633497667	29.82364625298773	29.81316482335587	20.118872588679732	CCR180074_WH18B001P017
35	20.28654271902191	29.741388752357235	29.75848541111768	20.213583117503173	CCR180074_WH18B001P017
36	20.28654271902191	29.741388752357235	29.75848541111768	20.213583117503173	CCR180074_WH18B001P017
37	20.28654271902191	29.741388752357235	29.75848541111768	20.213583117503173	CCR180074_WH18B001P017
38	20.28654271902191	29.741388752357235	29.75848541111768	20.213583117503173	CCR180074_WH18B001P017
40	20.341430607098136	29.764332993370925	29.68196002599933	20.212276373531612	CCR180074_WH18B001P017
41	20.341430607098136	29.764332993370925	29.68196002599933	20.212276373531612	CCR180074_WH18B001P017
42	20.341430607098136	29.764332993370925	29.68196002599933	20.212276373531612	CCR180074_WH18B001P017
43	20.341430607098136	29.764332993370925	29.68196002599933	20.212276373531612	CCR180074_WH18B001P017
45	20.322267104516936	29.705935043173216	29.66813052342974	20.303667328880113	CCR180074_WH18B001P017
46	20.322267104516936	29.705935043173216	29.66813052342974	20.303667328880113	CCR180074_WH18B001P017
47	20.322267104516936	29.705935043173216	29.66813052342974	20.303667328880113	CCR180074_WH18B001P017
48	20.322267104516936	29.705935043173216	29.66813052342974	20.303667328880113	CCR180074_WH18B001P017
50	20.32510088934076	29.739841635061115	29.626453936814144	20.308603538783977	CCR180074_WH18B001P017
51	20.32510088934076	29.739841635061115	29.626453936814144	20.308603538783977	CCR180074_WH18B001P017
52	20.32510088934076	29.739841635061115	29.626453936814144	20.308603538783977	CCR180074_WH18B001P017
53	20.32510088934076	29.739841635061115	29.626453936814144	20.308603538783977	CCR180074_WH18B001P017
55	20.3682715713327	29.702755134282977	29.604343283951867	20.324630010432454	CCR180074_WH18B001P017
56	20.3682715713327	29.702755134282977	29.604343283951867	20.324630010432454	CCR180074_WH18B001P017
57	20.3682715713327	29.702755134282977	29.604343283951867	20.324630010432454	CCR180074_WH18B001P017
58	20.3682715713327	29.702755134282977	29.604343283951867	20.324630010432454	CCR180074_WH18B001P017
60	20.400230107953092	29.71363707173139	29.546872516934066	20.339260303381455	CCR180074_WH18B001P017
61	20.400230107953092	29.71363707173139	29.546872516934066	20.339260303381455	CCR180074_WH18B001P017
62	20.400230107953092	29.71363707173139	29.546872516934066	20.339260303381455	CCR180074_WH18B001P017
63	20.400230107953092	29.71363707173139	29.546872516934066	20.339260303381455	CCR180074_WH18B001P017
65	20.35655142043585	29.695484116198973	29.598139183053846	20.349825280311336	CCR180074_WH18B001P017
66	20.35655142043585	29.695484116198973	29.598139183053846	20.349825280311336	CCR180074_WH18B001P017
67	20.35655142043585	29.695484116198973	29.598139183053846	20.349825280311336	CCR180074_WH18B001P017
68	20.35655142043585	29.695484116198973	29.598139183053846	20.349825280311336	CCR180074_WH18B001P017
70	20.427951838136227	29.704523218504562	29.54588348213496	20.321641461224246	CCR180074_WH18B001P017
71	20.427951838136227	29.704523218504562	29.54588348213496	20.321641461224246	CCR180074_WH18B001P017
72	20.427951838136227	29.704523218504562	29.54588348213496	20.321641461224246	CCR180074_WH18B001P017
73	20.427951838136227	29.704523218504562	29.54588348213496	20.321641461224246	CCR180074_WH18B001P017
75	20.452043866472856	29.65585832624182	29.53861190970326	20.353485897582065	CCR180074_WH18B001P017
76	20.452043866472856	29.65585832624182	29.53861190970326	20.353485897582065	CCR180074_WH18B001P017
77	20.452043866472856	29.65585832624182	29.53861190970326	20.353485897582065	CCR180074_WH18B001P017
78	20.452043866472856	29.65585832624182	29.53861190970326	20.353485897582065	CCR180074_WH18B001P017
80	20.42563848588537	29.701052826534173	29.51725419678281	20.356054490797646	CCR180074_WH18B001P017
81	20.42563848588537	29.701052826534173	29.51725419678281	20.356054490797646	CCR180074_WH18B001P017
82	20.42563848588537	29.701052826534173	29.51725419678281	20.356054490797646	CCR180074_WH18B001P017
83	20.42563848588537	29.701052826534173	29.51725419678281	20.356054490797646	CCR180074_WH18B001P017
85	20.439197666426516	29.681257023206836	29.4949230876775	20.384622222689146	CCR180074_WH18B001P017
86	20.439197666426516	29.681257023206836	29.4949230876775	20.384622222689146	CCR180074_WH18B001P017
87	20.439197666426516	29.681257023206836	29.4949230876775	20.384622222689146	CCR180074_WH18B001P017
88	20.439197666426516	29.681257023206836	29.4949230876775	20.384622222689146	CCR180074_WH18B001P017
90	20.382238214078047	29.695721813432286	29.50172823308933	20.42031173940034	CCR180074_WH18B001P017
91	20.382238214078047	29.695721813432286	29.50172823308933	20.42031173940034	CCR180074_WH18B001P017
92	20.382238214078047	29.695721813432286	29.50172823308933	20.42031173940034	CCR180074_WH18B001P017
93	20.382238214078047	29.695721813432286	29.50172823308933	20.42031173940034	CCR180074_WH18B001P017
95	20.351655604996	29.677348298512218	29.470190571951065	20.50080552454071	CCR180074_WH18B001P017
96	20.351655604996	29.677348298512218	29.470190571951065	20.50080552454071	CCR180074_WH18B001P017
97	20.351655604996	29.677348298512218	29.470190571951065	20.50080552454071	CCR180074_WH18B001P017
98	20.351655604996	29.677348298512218	29.470190571951065	20.50080552454071	CCR180074_WH18B001P017
100	20.42739345976256	29.671872932372278	29.465912264374143	20.434821343491013	CCR180074_WH18B001P017
101	20.42739345976256	29.671872932372278	29.465912264374143	20.434821343491013	CCR180074_WH18B001P017
102	20.42739345976256	29.671872932372278	29.465912264374143	20.434821343491013	CCR180074_WH18B001P017
103	20.42739345976256	29.671872932372278	29.465912264374143	20.434821343491013	CCR180074_WH18B001P017
105	20.38345838388359	29.745908555196905	29.46108976250661	20.409543298412903	CCR180074_WH18B001P017
106	20.38345838388359	29.745908555196905	29.46108976250661	20.409543298412903	CCR180074_WH18B001P017
107	20.38345838388359	29.745908555196905	29.46108976250661	20.409543298412903	CCR180074_WH18B001P017
108	20.38345838388359	29.745908555196905	29.46108976250661	20.409543298412903	CCR180074_WH18B001P017
110	20.40509512266343	29.767893376736808	29.456819400599404	20.370192100000356	CCR180074_WH18B001P017
111	20.40509512266343	29.767893376736808	29.456819400599404	20.370192100000356	CCR180074_WH18B001P017
112	20.40509512266343	29.767893376736808	29.456819400599404	20.370192100000356	CCR180074_WH18B001P017
113	20.40509512266343	29.767893376736808	29.456819400599404	20.370192100000356	CCR180074_WH18B001P017
115	20.399419703419866	29.74114068956637	29.472406809819063	20.387032797194703	CCR180074_WH18B001P017
116	20.399419703419866	29.74114068956637	29.472406809819063	20.387032797194703	CCR180074_WH18B001P017
117	20.399419703419866	29.74114068956637	29.472406809819063	20.387032797194703	CCR180074_WH18B001P017
118	20.399419703419866	29.74114068956637	29.472406809819063	20.387032797194703	CCR180074_WH18B001P017
120	20.408533041605416	29.742876108427712	29.44543816979802	20.40315268016885	CCR180074_WH18B001P017
121	20.408533041605416	29.742876108427712	29.44543816979802	20.40315268016885	CCR180074_WH18B001P017
122	20.408533041605416	29.742876108427712	29.44543816979802	20.40315268016885	CCR180074_WH18B001P017
123	20.408533041605416	29.742876108427712	29.44543816979802	20.40315268016885	CCR180074_WH18B001P017
125	20.402420548309834	29.722692769815033	29.416014688136233	20.458871993738903	CCR180074_WH18B001P017
126	20.402420548309834	29.722692769815033	29.416014688136233	20.458871993738903	CCR180074_WH18B001P017
127	20.402420548309834	29.722692769815033	29.416014688136233	20.458871993738903	CCR180074_WH18B001P017
128	20.402420548309834	29.722692769815033	29.416014688136233	20.458871993738903	CCR180074_WH18B001P017
130	20.444000772405392	29.724703560024295	29.415778160858324	20.415517506711986	CCR180074_WH18B001P017
131	20.444000772405392	29.724703560024295	29.415778160858324	20.415517506711986	CCR180074_WH18B001P017
132	20.444000772405392	29.724703560024295	29.415778160858324	20.415517506711986	CCR180074_WH18B001P017
133	20.444000772405392	29.724703560024295	29.415778160858324	20.415517506711986	CCR180074_WH18B001P017
135	20.38667711592325	29.679551807187455	29.449750778675813	20.48402029821348	CCR180074_WH18B001P017
136	20.38667711592325	29.679551807187455	29.449750778675813	20.48402029821348	CCR180074_WH18B001P017
137	20.38667711592325	29.679551807187455	29.449750778675813	20.48402029821348	CCR180074_WH18B001P017
138	20.38667711592325	29.679551807187455	29.449750778675813	20.48402029821348	CCR180074_WH18B001P017
140	20.394069590963714	29.705125598106235	29.402381555114275	20.498423255815776	CCR180074_WH18B001P017
141	20.394069590963714	29.705125598106235	29.402381555114275	20.498423255815776	CCR180074_WH18B001P017
142	20.394069590963714	29.705125598106235	29.402381555114275	20.498423255815776	CCR180074_WH18B001P017
143	20.394069590963714	29.705125598106235	29.402381555114275	20.498423255815776	CCR180074_WH18B001P017
145	18.984384185417085	29.899770071404802	30.078304101367507	21.037541641810602	CCR180074_WH18B001P017
146	18.984384185417085	29.899770071404802	30.078304101367507	21.037541641810602	CCR180074_WH18B001P017
147	18.984384185417085	29.899770071404802	30.078304101367507	21.037541641810602	CCR180074_WH18B001P017
148	18.984384185417085	29.899770071404802	30.078304101367507	21.037541641810602	CCR180074_WH18B001P017
150	6.458115077860446	17.488158350638443	44.26835063078438	31.785375940716726	CCR180074_WH18B001P017
