Base	G	A	T	C	sample
1	16.13170404149003	33.3586175746564	29.831913506807894	20.67776487704568	CCR180159_VPT-WH017A
2	19.291680705663985	32.284718025993	30.005875494414703	18.41772577392832	CCR180159_VPT-WH017A
3	18.92797016762611	31.055854850997743	30.388349717318206	19.62782526405794	CCR180159_VPT-WH017A
4	19.23990187021371	30.112141224156158	30.8246859856783	19.82327091995183	CCR180159_VPT-WH017A
5	19.862055990045455	30.386325366998307	30.88448026965499	18.867138373301245	CCR180159_VPT-WH017A
6	20.097944599358815	30.502462536891812	29.83004433232668	19.56954853142269	CCR180159_VPT-WH017A
7	20.34253582595905	30.406650042620832	30.20584686970596	19.044967261714167	CCR180159_VPT-WH017A
8	19.656750078285715	30.479679375122377	30.31839439353953	19.545176153052378	CCR180159_VPT-WH017A
9	19.546669952229077	30.12951221629581	30.754942489233173	19.568875342241938	CCR180159_VPT-WH017A
10	19.664378634487704	30.39727552268306	30.22413871628487	19.714207126544363	CCR180159_VPT-WH017A
11	19.664378634487704	30.39727552268306	30.22413871628487	19.714207126544363	CCR180159_VPT-WH017A
12	19.664378634487704	30.39727552268306	30.22413871628487	19.714207126544363	CCR180159_VPT-WH017A
13	19.664378634487704	30.39727552268306	30.22413871628487	19.714207126544363	CCR180159_VPT-WH017A
15	19.678621024083633	30.292187638318264	30.255195038807127	19.773996298790976	CCR180159_VPT-WH017A
16	19.678621024083633	30.292187638318264	30.255195038807127	19.773996298790976	CCR180159_VPT-WH017A
17	19.678621024083633	30.292187638318264	30.255195038807127	19.773996298790976	CCR180159_VPT-WH017A
18	19.678621024083633	30.292187638318264	30.255195038807127	19.773996298790976	CCR180159_VPT-WH017A
20	19.90148290162079	30.080049667058194	30.092052353830294	19.926415077490716	CCR180159_VPT-WH017A
21	19.90148290162079	30.080049667058194	30.092052353830294	19.926415077490716	CCR180159_VPT-WH017A
22	19.90148290162079	30.080049667058194	30.092052353830294	19.926415077490716	CCR180159_VPT-WH017A
23	19.90148290162079	30.080049667058194	30.092052353830294	19.926415077490716	CCR180159_VPT-WH017A
25	20.028378170451433	29.993032767278414	29.934696988036947	20.043892074233206	CCR180159_VPT-WH017A
26	20.028378170451433	29.993032767278414	29.934696988036947	20.043892074233206	CCR180159_VPT-WH017A
27	20.028378170451433	29.993032767278414	29.934696988036947	20.043892074233206	CCR180159_VPT-WH017A
28	20.028378170451433	29.993032767278414	29.934696988036947	20.043892074233206	CCR180159_VPT-WH017A
30	20.20690027239646	29.863407597518155	29.826011065073548	20.103681065011834	CCR180159_VPT-WH017A
31	20.20690027239646	29.863407597518155	29.826011065073548	20.103681065011834	CCR180159_VPT-WH017A
32	20.20690027239646	29.863407597518155	29.826011065073548	20.103681065011834	CCR180159_VPT-WH017A
33	20.20690027239646	29.863407597518155	29.826011065073548	20.103681065011834	CCR180159_VPT-WH017A
35	20.257765494910082	29.799951125680884	29.750159989551474	20.19212338985756	CCR180159_VPT-WH017A
36	20.257765494910082	29.799951125680884	29.750159989551474	20.19212338985756	CCR180159_VPT-WH017A
37	20.257765494910082	29.799951125680884	29.750159989551474	20.19212338985756	CCR180159_VPT-WH017A
38	20.257765494910082	29.799951125680884	29.750159989551474	20.19212338985756	CCR180159_VPT-WH017A
40	20.311356805045673	29.774819235450874	29.69444506914228	20.21937889036118	CCR180159_VPT-WH017A
41	20.311356805045673	29.774819235450874	29.69444506914228	20.21937889036118	CCR180159_VPT-WH017A
42	20.311356805045673	29.774819235450874	29.69444506914228	20.21937889036118	CCR180159_VPT-WH017A
43	20.311356805045673	29.774819235450874	29.69444506914228	20.21937889036118	CCR180159_VPT-WH017A
45	20.338027296710628	29.731861712382614	29.646661132604713	20.283449858302042	CCR180159_VPT-WH017A
46	20.338027296710628	29.731861712382614	29.646661132604713	20.283449858302042	CCR180159_VPT-WH017A
47	20.338027296710628	29.731861712382614	29.646661132604713	20.283449858302042	CCR180159_VPT-WH017A
48	20.338027296710628	29.731861712382614	29.646661132604713	20.283449858302042	CCR180159_VPT-WH017A
50	20.37293518481383	29.707674607960282	29.617140240156115	20.302249967069773	CCR180159_VPT-WH017A
51	20.37293518481383	29.707674607960282	29.617140240156115	20.302249967069773	CCR180159_VPT-WH017A
52	20.37293518481383	29.707674607960282	29.617140240156115	20.302249967069773	CCR180159_VPT-WH017A
53	20.37293518481383	29.707674607960282	29.617140240156115	20.302249967069773	CCR180159_VPT-WH017A
55	20.429932562527426	29.704406468412326	29.575378515439954	20.29028245362029	CCR180159_VPT-WH017A
56	20.429932562527426	29.704406468412326	29.575378515439954	20.29028245362029	CCR180159_VPT-WH017A
57	20.429932562527426	29.704406468412326	29.575378515439954	20.29028245362029	CCR180159_VPT-WH017A
58	20.429932562527426	29.704406468412326	29.575378515439954	20.29028245362029	CCR180159_VPT-WH017A
60	20.391207761126207	29.701062097855697	29.542870016069234	20.364860124948866	CCR180159_VPT-WH017A
61	20.391207761126207	29.701062097855697	29.542870016069234	20.364860124948866	CCR180159_VPT-WH017A
62	20.391207761126207	29.701062097855697	29.542870016069234	20.364860124948866	CCR180159_VPT-WH017A
63	20.391207761126207	29.701062097855697	29.542870016069234	20.364860124948866	CCR180159_VPT-WH017A
65	20.392370890972707	29.690308876951455	29.54560472996762	20.371715502108216	CCR180159_VPT-WH017A
66	20.392370890972707	29.690308876951455	29.54560472996762	20.371715502108216	CCR180159_VPT-WH017A
67	20.392370890972707	29.690308876951455	29.54560472996762	20.371715502108216	CCR180159_VPT-WH017A
68	20.392370890972707	29.690308876951455	29.54560472996762	20.371715502108216	CCR180159_VPT-WH017A
70	20.440958558517856	29.692608214629363	29.495920205963916	20.37051302088886	CCR180159_VPT-WH017A
71	20.440958558517856	29.692608214629363	29.495920205963916	20.37051302088886	CCR180159_VPT-WH017A
72	20.440958558517856	29.692608214629363	29.495920205963916	20.37051302088886	CCR180159_VPT-WH017A
73	20.440958558517856	29.692608214629363	29.495920205963916	20.37051302088886	CCR180159_VPT-WH017A
75	20.424510882645595	29.685863025290125	29.49769801681083	20.39192807525345	CCR180159_VPT-WH017A
76	20.424510882645595	29.685863025290125	29.49769801681083	20.39192807525345	CCR180159_VPT-WH017A
77	20.424510882645595	29.685863025290125	29.49769801681083	20.39192807525345	CCR180159_VPT-WH017A
78	20.424510882645595	29.685863025290125	29.49769801681083	20.39192807525345	CCR180159_VPT-WH017A
80	20.466165421711406	29.68939901783778	29.477533292502052	20.366902267948763	CCR180159_VPT-WH017A
81	20.466165421711406	29.68939901783778	29.477533292502052	20.366902267948763	CCR180159_VPT-WH017A
82	20.466165421711406	29.68939901783778	29.477533292502052	20.366902267948763	CCR180159_VPT-WH017A
83	20.466165421711406	29.68939901783778	29.477533292502052	20.366902267948763	CCR180159_VPT-WH017A
85	20.41293919643154	29.692371596970656	29.476362949124795	20.41832625747301	CCR180159_VPT-WH017A
86	20.41293919643154	29.692371596970656	29.476362949124795	20.41832625747301	CCR180159_VPT-WH017A
87	20.41293919643154	29.692371596970656	29.476362949124795	20.41832625747301	CCR180159_VPT-WH017A
88	20.41293919643154	29.692371596970656	29.476362949124795	20.41832625747301	CCR180159_VPT-WH017A
90	20.42309665596359	29.652487239314574	29.47410060875994	20.450315495961895	CCR180159_VPT-WH017A
91	20.42309665596359	29.652487239314574	29.47410060875994	20.450315495961895	CCR180159_VPT-WH017A
92	20.42309665596359	29.652487239314574	29.47410060875994	20.450315495961895	CCR180159_VPT-WH017A
93	20.42309665596359	29.652487239314574	29.47410060875994	20.450315495961895	CCR180159_VPT-WH017A
95	20.45134836939015	29.678385069841433	29.43025750628607	20.440009054482346	CCR180159_VPT-WH017A
96	20.45134836939015	29.678385069841433	29.43025750628607	20.440009054482346	CCR180159_VPT-WH017A
97	20.45134836939015	29.678385069841433	29.43025750628607	20.440009054482346	CCR180159_VPT-WH017A
98	20.45134836939015	29.678385069841433	29.43025750628607	20.440009054482346	CCR180159_VPT-WH017A
100	20.467149215389334	29.662141812669336	29.415962166441556	20.45474680549978	CCR180159_VPT-WH017A
101	20.467149215389334	29.662141812669336	29.415962166441556	20.45474680549978	CCR180159_VPT-WH017A
102	20.467149215389334	29.662141812669336	29.415962166441556	20.45474680549978	CCR180159_VPT-WH017A
103	20.467149215389334	29.662141812669336	29.415962166441556	20.45474680549978	CCR180159_VPT-WH017A
105	20.444985619329163	29.703671258281673	29.422106383158752	20.429236739230408	CCR180159_VPT-WH017A
106	20.444985619329163	29.703671258281673	29.422106383158752	20.429236739230408	CCR180159_VPT-WH017A
107	20.444985619329163	29.703671258281673	29.422106383158752	20.429236739230408	CCR180159_VPT-WH017A
108	20.444985619329163	29.703671258281673	29.422106383158752	20.429236739230408	CCR180159_VPT-WH017A
110	20.44306658157132	29.719543010014576	29.40499890928946	20.432391499124645	CCR180159_VPT-WH017A
111	20.44306658157132	29.719543010014576	29.40499890928946	20.432391499124645	CCR180159_VPT-WH017A
112	20.44306658157132	29.719543010014576	29.40499890928946	20.432391499124645	CCR180159_VPT-WH017A
113	20.44306658157132	29.719543010014576	29.40499890928946	20.432391499124645	CCR180159_VPT-WH017A
115	20.44854227948512	29.71125230994683	29.401494397060894	20.438711013507156	CCR180159_VPT-WH017A
116	20.44854227948512	29.71125230994683	29.401494397060894	20.438711013507156	CCR180159_VPT-WH017A
117	20.44854227948512	29.71125230994683	29.401494397060894	20.438711013507156	CCR180159_VPT-WH017A
118	20.44854227948512	29.71125230994683	29.401494397060894	20.438711013507156	CCR180159_VPT-WH017A
120	20.446331631430414	29.714270541699523	29.384582548927845	20.454815277942217	CCR180159_VPT-WH017A
121	20.446331631430414	29.714270541699523	29.384582548927845	20.454815277942217	CCR180159_VPT-WH017A
122	20.446331631430414	29.714270541699523	29.384582548927845	20.454815277942217	CCR180159_VPT-WH017A
123	20.446331631430414	29.714270541699523	29.384582548927845	20.454815277942217	CCR180159_VPT-WH017A
125	20.415202369341	29.74245492856969	29.366030770871088	20.476311931218223	CCR180159_VPT-WH017A
126	20.415202369341	29.74245492856969	29.366030770871088	20.476311931218223	CCR180159_VPT-WH017A
127	20.415202369341	29.74245492856969	29.366030770871088	20.476311931218223	CCR180159_VPT-WH017A
128	20.415202369341	29.74245492856969	29.366030770871088	20.476311931218223	CCR180159_VPT-WH017A
130	20.434982990982004	29.71637797922899	29.357148269518895	20.49149076027011	CCR180159_VPT-WH017A
131	20.434982990982004	29.71637797922899	29.357148269518895	20.49149076027011	CCR180159_VPT-WH017A
132	20.434982990982004	29.71637797922899	29.357148269518895	20.49149076027011	CCR180159_VPT-WH017A
133	20.434982990982004	29.71637797922899	29.357148269518895	20.49149076027011	CCR180159_VPT-WH017A
135	20.408950391576973	29.711774948884322	29.35139289075885	20.52788176877986	CCR180159_VPT-WH017A
136	20.408950391576973	29.711774948884322	29.35139289075885	20.52788176877986	CCR180159_VPT-WH017A
137	20.408950391576973	29.711774948884322	29.35139289075885	20.52788176877986	CCR180159_VPT-WH017A
138	20.408950391576973	29.711774948884322	29.35139289075885	20.52788176877986	CCR180159_VPT-WH017A
140	20.42671975805218	29.711666933762505	29.316453013693145	20.54516029449217	CCR180159_VPT-WH017A
141	20.42671975805218	29.711666933762505	29.316453013693145	20.54516029449217	CCR180159_VPT-WH017A
142	20.42671975805218	29.711666933762505	29.316453013693145	20.54516029449217	CCR180159_VPT-WH017A
143	20.42671975805218	29.711666933762505	29.316453013693145	20.54516029449217	CCR180159_VPT-WH017A
145	18.983466992860816	29.888148051384594	30.027690079347742	21.100694876406845	CCR180159_VPT-WH017A
146	18.983466992860816	29.888148051384594	30.027690079347742	21.100694876406845	CCR180159_VPT-WH017A
147	18.983466992860816	29.888148051384594	30.027690079347742	21.100694876406845	CCR180159_VPT-WH017A
148	18.983466992860816	29.888148051384594	30.027690079347742	21.100694876406845	CCR180159_VPT-WH017A
150	6.4890466219614344	17.473826487658368	44.14919743079057	31.887929459589632	CCR180159_VPT-WH017A
