Base	G	A	T	C	sample
1	16.351449649265195	33.15771053357973	30.193418872787202	20.297420944367868	T_SRR7890936_50pc
2	19.460089372554467	32.153133542397185	30.248202314841787	18.13857477020656	T_SRR7890936_50pc
3	19.063093965430713	30.799821003812532	30.3207951031359	19.816289927620858	T_SRR7890936_50pc
4	19.73014973307845	30.184678433993824	30.492582081240975	19.592589751686752	T_SRR7890936_50pc
5	20.101469571325662	30.38722425312929	30.614159241810917	18.897146933734128	T_SRR7890936_50pc
6	19.960303366397596	30.8299900160995	29.64347209531175	19.566234522191152	T_SRR7890936_50pc
7	20.15932496449587	30.784813015571633	29.97650782763724	19.079354192295263	T_SRR7890936_50pc
8	19.704055761177493	30.49545189457345	30.2224450867288	19.57804725752026	T_SRR7890936_50pc
9	19.314910120798466	30.476075542878185	30.695669291456184	19.513345044867165	T_SRR7890936_50pc
10	19.538893560173843	30.44387181790521	30.323491334327752	19.693743287593197	T_SRR7890936_50pc
11	19.538893560173843	30.44387181790521	30.323491334327752	19.693743287593197	T_SRR7890936_50pc
12	19.538893560173843	30.44387181790521	30.323491334327752	19.693743287593197	T_SRR7890936_50pc
13	19.538893560173843	30.44387181790521	30.323491334327752	19.693743287593197	T_SRR7890936_50pc
15	19.62558804848502	30.209070315455104	30.44353670779543	19.72180492826444	T_SRR7890936_50pc
16	19.62558804848502	30.209070315455104	30.44353670779543	19.72180492826444	T_SRR7890936_50pc
17	19.62558804848502	30.209070315455104	30.44353670779543	19.72180492826444	T_SRR7890936_50pc
18	19.62558804848502	30.209070315455104	30.44353670779543	19.72180492826444	T_SRR7890936_50pc
20	19.885774887625754	30.07391591949648	30.17242958746137	19.867879605416398	T_SRR7890936_50pc
21	19.885774887625754	30.07391591949648	30.17242958746137	19.867879605416398	T_SRR7890936_50pc
22	19.885774887625754	30.07391591949648	30.17242958746137	19.867879605416398	T_SRR7890936_50pc
23	19.885774887625754	30.07391591949648	30.17242958746137	19.867879605416398	T_SRR7890936_50pc
25	19.989124008064827	29.966487806926796	30.04285564800454	20.001532537003836	T_SRR7890936_50pc
26	19.989124008064827	29.966487806926796	30.04285564800454	20.001532537003836	T_SRR7890936_50pc
27	19.989124008064827	29.966487806926796	30.04285564800454	20.001532537003836	T_SRR7890936_50pc
28	19.989124008064827	29.966487806926796	30.04285564800454	20.001532537003836	T_SRR7890936_50pc
30	20.128092399510937	29.918473883849927	29.882018645989127	20.07141507065001	T_SRR7890936_50pc
31	20.128092399510937	29.918473883849927	29.882018645989127	20.07141507065001	T_SRR7890936_50pc
32	20.128092399510937	29.918473883849927	29.882018645989127	20.07141507065001	T_SRR7890936_50pc
33	20.128092399510937	29.918473883849927	29.882018645989127	20.07141507065001	T_SRR7890936_50pc
35	20.217348348864274	29.784442064202516	29.87040388419868	20.12780570273453	T_SRR7890936_50pc
36	20.217348348864274	29.784442064202516	29.87040388419868	20.12780570273453	T_SRR7890936_50pc
37	20.217348348864274	29.784442064202516	29.87040388419868	20.12780570273453	T_SRR7890936_50pc
38	20.217348348864274	29.784442064202516	29.87040388419868	20.12780570273453	T_SRR7890936_50pc
40	20.30607222568758	29.676658414915806	29.865873139552313	20.151396219844305	T_SRR7890936_50pc
41	20.30607222568758	29.676658414915806	29.865873139552313	20.151396219844305	T_SRR7890936_50pc
42	20.30607222568758	29.676658414915806	29.865873139552313	20.151396219844305	T_SRR7890936_50pc
43	20.30607222568758	29.676658414915806	29.865873139552313	20.151396219844305	T_SRR7890936_50pc
45	20.269215861073274	29.66005782925945	29.772754204047523	20.29797210561975	T_SRR7890936_50pc
46	20.269215861073274	29.66005782925945	29.772754204047523	20.29797210561975	T_SRR7890936_50pc
47	20.269215861073274	29.66005782925945	29.772754204047523	20.29797210561975	T_SRR7890936_50pc
48	20.269215861073274	29.66005782925945	29.772754204047523	20.29797210561975	T_SRR7890936_50pc
50	20.203876945844236	29.702759787230605	29.820065112985333	20.273298153939823	T_SRR7890936_50pc
51	20.203876945844236	29.702759787230605	29.820065112985333	20.273298153939823	T_SRR7890936_50pc
52	20.203876945844236	29.702759787230605	29.820065112985333	20.273298153939823	T_SRR7890936_50pc
53	20.203876945844236	29.702759787230605	29.820065112985333	20.273298153939823	T_SRR7890936_50pc
55	20.265439663242148	29.647394151699196	29.820200619072466	20.26696556598619	T_SRR7890936_50pc
56	20.265439663242148	29.647394151699196	29.820200619072466	20.26696556598619	T_SRR7890936_50pc
57	20.265439663242148	29.647394151699196	29.820200619072466	20.26696556598619	T_SRR7890936_50pc
58	20.265439663242148	29.647394151699196	29.820200619072466	20.26696556598619	T_SRR7890936_50pc
60	20.259634218949802	29.697792747923014	29.761336765485524	20.281236267641663	T_SRR7890936_50pc
61	20.259634218949802	29.697792747923014	29.761336765485524	20.281236267641663	T_SRR7890936_50pc
62	20.259634218949802	29.697792747923014	29.761336765485524	20.281236267641663	T_SRR7890936_50pc
63	20.259634218949802	29.697792747923014	29.761336765485524	20.281236267641663	T_SRR7890936_50pc
65	20.250891649443634	29.72356499110007	29.706506271335854	20.319037088120442	T_SRR7890936_50pc
66	20.250891649443634	29.72356499110007	29.706506271335854	20.319037088120442	T_SRR7890936_50pc
67	20.250891649443634	29.72356499110007	29.706506271335854	20.319037088120442	T_SRR7890936_50pc
68	20.250891649443634	29.72356499110007	29.706506271335854	20.319037088120442	T_SRR7890936_50pc
70	20.309120904015487	29.714017077303268	29.67568705990796	20.301174958773277	T_SRR7890936_50pc
71	20.309120904015487	29.714017077303268	29.67568705990796	20.301174958773277	T_SRR7890936_50pc
72	20.309120904015487	29.714017077303268	29.67568705990796	20.301174958773277	T_SRR7890936_50pc
73	20.309120904015487	29.714017077303268	29.67568705990796	20.301174958773277	T_SRR7890936_50pc
75	20.298996870873687	29.683771816492015	29.70534925136002	20.31188206127428	T_SRR7890936_50pc
76	20.298996870873687	29.683771816492015	29.70534925136002	20.31188206127428	T_SRR7890936_50pc
77	20.298996870873687	29.683771816492015	29.70534925136002	20.31188206127428	T_SRR7890936_50pc
78	20.298996870873687	29.683771816492015	29.70534925136002	20.31188206127428	T_SRR7890936_50pc
80	20.328840772703696	29.71205301254433	29.6888717133103	20.270234501441678	T_SRR7890936_50pc
81	20.328840772703696	29.71205301254433	29.6888717133103	20.270234501441678	T_SRR7890936_50pc
82	20.328840772703696	29.71205301254433	29.6888717133103	20.270234501441678	T_SRR7890936_50pc
83	20.328840772703696	29.71205301254433	29.6888717133103	20.270234501441678	T_SRR7890936_50pc
85	20.271489620334307	29.681933048920094	29.70483481847279	20.341742512272805	T_SRR7890936_50pc
86	20.271489620334307	29.681933048920094	29.70483481847279	20.341742512272805	T_SRR7890936_50pc
87	20.271489620334307	29.681933048920094	29.70483481847279	20.341742512272805	T_SRR7890936_50pc
88	20.271489620334307	29.681933048920094	29.70483481847279	20.341742512272805	T_SRR7890936_50pc
90	20.274743487309074	29.63663379933454	29.73204259812493	20.356580115231456	T_SRR7890936_50pc
91	20.274743487309074	29.63663379933454	29.73204259812493	20.356580115231456	T_SRR7890936_50pc
92	20.274743487309074	29.63663379933454	29.73204259812493	20.356580115231456	T_SRR7890936_50pc
93	20.274743487309074	29.63663379933454	29.73204259812493	20.356580115231456	T_SRR7890936_50pc
95	20.284646545059	29.680634768632636	29.68486925857386	20.349849427734505	T_SRR7890936_50pc
96	20.284646545059	29.680634768632636	29.68486925857386	20.349849427734505	T_SRR7890936_50pc
97	20.284646545059	29.680634768632636	29.68486925857386	20.349849427734505	T_SRR7890936_50pc
98	20.284646545059	29.680634768632636	29.68486925857386	20.349849427734505	T_SRR7890936_50pc
100	20.3048600438118	29.67118215873637	29.670255321966195	20.353702475485633	T_SRR7890936_50pc
101	20.3048600438118	29.67118215873637	29.670255321966195	20.353702475485633	T_SRR7890936_50pc
102	20.3048600438118	29.67118215873637	29.670255321966195	20.353702475485633	T_SRR7890936_50pc
103	20.3048600438118	29.67118215873637	29.670255321966195	20.353702475485633	T_SRR7890936_50pc
105	20.26285454958777	29.727421880065446	29.67557671911579	20.334146851230997	T_SRR7890936_50pc
106	20.26285454958777	29.727421880065446	29.67557671911579	20.334146851230997	T_SRR7890936_50pc
107	20.26285454958777	29.727421880065446	29.67557671911579	20.334146851230997	T_SRR7890936_50pc
108	20.26285454958777	29.727421880065446	29.67557671911579	20.334146851230997	T_SRR7890936_50pc
110	20.25550702850582	29.752598787303015	29.660834676876664	20.3310595073145	T_SRR7890936_50pc
111	20.25550702850582	29.752598787303015	29.660834676876664	20.3310595073145	T_SRR7890936_50pc
112	20.25550702850582	29.752598787303015	29.660834676876664	20.3310595073145	T_SRR7890936_50pc
113	20.25550702850582	29.752598787303015	29.660834676876664	20.3310595073145	T_SRR7890936_50pc
115	20.26339018319257	29.751006676096615	29.66134910979	20.32425403092082	T_SRR7890936_50pc
116	20.26339018319257	29.751006676096615	29.66134910979	20.32425403092082	T_SRR7890936_50pc
117	20.26339018319257	29.751006676096615	29.66134910979	20.32425403092082	T_SRR7890936_50pc
118	20.26339018319257	29.751006676096615	29.66134910979	20.32425403092082	T_SRR7890936_50pc
120	20.223500890962757	29.761586978922583	29.671854029156027	20.343058100958633	T_SRR7890936_50pc
121	20.223500890962757	29.761586978922583	29.671854029156027	20.343058100958633	T_SRR7890936_50pc
122	20.223500890962757	29.761586978922583	29.671854029156027	20.343058100958633	T_SRR7890936_50pc
123	20.223500890962757	29.761586978922583	29.671854029156027	20.343058100958633	T_SRR7890936_50pc
125	20.190864440894305	29.769363616987615	29.674719212728895	20.365052729389184	T_SRR7890936_50pc
126	20.190864440894305	29.769363616987615	29.674719212728895	20.365052729389184	T_SRR7890936_50pc
127	20.190864440894305	29.769363616987615	29.674719212728895	20.365052729389184	T_SRR7890936_50pc
128	20.190864440894305	29.769363616987615	29.674719212728895	20.365052729389184	T_SRR7890936_50pc
130	20.162211678822874	29.78683551955839	29.666536224232924	20.384416577385807	T_SRR7890936_50pc
131	20.162211678822874	29.78683551955839	29.666536224232924	20.384416577385807	T_SRR7890936_50pc
132	20.162211678822874	29.78683551955839	29.666536224232924	20.384416577385807	T_SRR7890936_50pc
133	20.162211678822874	29.78683551955839	29.666536224232924	20.384416577385807	T_SRR7890936_50pc
135	20.08978909703326	29.78985490814821	29.697930060721472	20.422425934097056	T_SRR7890936_50pc
136	20.08978909703326	29.78985490814821	29.697930060721472	20.422425934097056	T_SRR7890936_50pc
137	20.08978909703326	29.78985490814821	29.697930060721472	20.422425934097056	T_SRR7890936_50pc
138	20.08978909703326	29.78985490814821	29.697930060721472	20.422425934097056	T_SRR7890936_50pc
140	19.96508920873951	29.799814330136915	29.783651558821028	20.451444902302548	T_SRR7890936_50pc
141	19.96508920873951	29.799814330136915	29.783651558821028	20.451444902302548	T_SRR7890936_50pc
142	19.96508920873951	29.799814330136915	29.783651558821028	20.451444902302548	T_SRR7890936_50pc
143	19.96508920873951	29.799814330136915	29.783651558821028	20.451444902302548	T_SRR7890936_50pc
145	17.60124674047563	30.588070179074123	30.77999342296361	21.030689657486644	T_SRR7890936_50pc
146	17.60124674047563	30.588070179074123	30.77999342296361	21.030689657486644	T_SRR7890936_50pc
147	17.60124674047563	30.588070179074123	30.77999342296361	21.030689657486644	T_SRR7890936_50pc
148	17.60124674047563	30.588070179074123	30.77999342296361	21.030689657486644	T_SRR7890936_50pc
150	0.0	35.263886955912795	38.43254483784256	26.303568206244638	T_SRR7890936_50pc
